index,energy
0,-8.898510707861005
1,-30.275332393323385
2,-30.18002221351906
3,-4.276229750757213
4,-30.275332393323385
5,-29.744704142261213
6,-6.068429097933025
7,-4.040203414124418
8,-26.734373069286068
9,-27.587484899538694
10,-8.944191539261185
11,-6.365292525531338
12,-30.275332393323385
13,-28.99439854786132
14,-29.44242327038828
15,-30.96847957388333
16,-6.898635674608686
17,-27.00957298255633
18,-27.877437120525013
19,-5.803090159899036
20,-29.805328764077647
21,-29.08140992485095
22,-29.533395048594006
23,-30.275332393323385
24,-8.171716287949991
25,-29.805328764077647
26,-30.18002221351906
27,-5.107774137024392
28,-26.554469893356398
29,-25.748123748805003
30,-5.5122340429596735
31,-8.916916914882917
32,-7.498460020264016
33,-22.230770279875166
34,-23.050433331739846
35,-6.848818544175458
36,-27.35217081260423
37,-26.464235306485197
38,-7.05376938783678
39,-30.96847957388333
40,-29.869867285215218
41,-29.869867285215218
42,-31.884770305757485
43,-5.737583003533291
44,-30.275332393323385
45,-30.38069290898121
46,-30.96847957388333
47,-29.93886015670217
48,-5.304098578665599
49,-6.814814126125356
50,-27.25979749247321
51,-26.444519443320782
52,-7.604695616596153
53,-27.06448874015245
54,-26.19610146891133
55,-5.84288975497372
56,-30.38069290898121
57,-29.869867285215218
58,-30.38069290898121
59,-29.744704142261213
60,-5.401909727316874
61,-30.498475944637594
62,-30.786158017089374
63,-31.884770305757485
64,-29.63347850715099
65,-6.834304692656367
66,-28.864345419613123
67,-27.47197201241685
68,-5.356307557358244
69,-8.117136247859397
70,-23.711900087507175
71,-24.53553948114415
72,-7.289724166089672
73,-26.86418468080806
74,-23.611688972091653
75,-24.433819022978906
76,-25.103145303919558
77,-5.835197945649539
78,-27.687568358095675
79,-25.845706779850225
80,-26.273468683895448
81,-27.407433491279278
82,-6.657673420221872
83,-25.76118160572246
84,-26.57650260835628
85,-7.1768108138655275
86,-22.302866377348817
87,-23.125337067336048
88,-6.350367872951877
89,-27.396133936025343
90,-26.754871590834412
91,-25.900834025070292
92,-29.112181583517703
93,-6.86342028987304
94,-29.582185212763438
95,-27.088979760160743
96,-27.877437120525013
97,-28.55256579558228
98,-7.171550698793569
99,-29.2820806203131
100,-30.012968128855892
102,-30.498475944637594
103,-30.96847957388333
104,-31.884770305757485
105,-8.361655341632101
106,-25.45263439480672
107,-24.630592459300967
108,-6.49340905688563
109,-30.786158017089374
110,-29.93886015670217
111,-30.96847957388333
112,-30.632007337262117
113,-29.63347850715099
114,-31.191623125197538
115,-8.456880195804581
116,-10.515648967160605
117,-28.77125499654711
118,-25.46477537761034
119,-26.310716937776068
120,-26.953899980130092
121,-7.649585798117342
122,-24.26039549003026
123,-23.47327101890031
124,-6.813181161844162
125,-22.660872255849235
126,-21.84343568652923
127,-7.127674405924319
128,-22.90396889218437
129,-23.738640795732078
130,-7.752009895938827
131,-7.928588892753109
132,-27.38496063542722
133,-26.815866103537253
134,-25.953852258517536
135,-29.08140992485095
136,-7.219348857312855
137,-25.804837110661893
138,-25.001307719344393
139,-6.718854502709824
140,-27.672642707879
141,-27.052464547185647
142,-26.201190538418803
143,-29.143930281832283
144,-6.980198572411186
145,-29.399863655969483
146,-32.57791748631743
147,-30.786158017089374
148,-31.47930519764932
149,-30.09301083652943
150,-31.191623125197538
151,-7.301829532829107
152,-24.65023244070165
153,-25.476241514697985
154,-6.3189903089890445
155,-30.275332393323385
156,-29.93886015670217
157,-29.744704142261213
158,-30.275332393323385
159,-28.889038032203494
161,-7.767899294354432
162,-8.004455989624276
163,-28.034622704047425
164,-27.509013284097197
165,-26.586452939209448
166,-29.2820806203131
167,-8.27797518447374
168,-22.560922692987706
169,-21.73806210247797
170,-6.2700627852843835
171,-10.412868733711608
172,-23.648084983045027
173,-22.82787253102488
174,-9.439616661378802
175,-25.787820250803524
176,-25.152559599290278
177,-24.308929276810773
178,-27.601183743896854
179,-6.910004400776465
180,-30.498475944637594
181,-30.498475944637594
182,-30.38069290898121
183,-29.805328764077647
184,-30.786158017089374
185,-29.533395048594006
186,-6.669054921193597
187,-25.659222267296958
188,-26.477598534297364
189,-6.306780586838489
190,-11.242262346657844
191,-26.787957315420176
192,-26.06765914579428
193,-25.293096573748826
194,-28.34381098172017
195,-6.355559121351231
196,-25.41707157965313
197,-24.601665542571805
198,-6.430217912690277
199,-24.736031557332808
200,-24.063528222233927
201,-23.245005561953064
202,-26.493418073242257
203,-6.028734024507202
204,-25.74273290017013
205,-24.93156376387143
206,-6.1961814964348765
207,-27.274612578258353
208,-24.059325273987486
209,-24.879888316044624
210,-25.5461762275543
211,-6.034105150868733
212,-29.869867285215218
213,-29.687545728421266
214,-30.786158017089374
215,-30.96847957388333
216,-31.191623125197538
217,-30.786158017089374
218,-6.065264574028628
219,-24.82172214236931
220,-24.045638657483153
221,-6.44584305113542
222,-8.075401004065462
223,-25.93673531657684
224,-25.359740647914023
225,-24.472308084017534
226,-27.70272016311628
227,-6.709449918560732
228,-23.033679618092503
229,-23.855826183928333
230,-6.2578090076453
231,-30.38069290898121
232,-28.06705797980058
233,-28.966999573673206
234,-28.646091853593102
235,-29.805328764077647
236,-28.2471841460311
237,-8.402285315386466
238,-25.098617848534595
239,-24.439644847787243
240,-23.612327419409514
241,-26.834914298507947
242,-7.368489324137669
243,-24.149336953257794
244,-23.32816411198441
245,-7.133959489325278
246,-24.383688181497615
247,-23.716142175316598
248,-22.894453357759268
249,-26.140165836581026
250,-6.334228105218867
251,-29.210621656330954
252,-30.498475944637594
253,-31.191623125197538
254,-29.869867285215218
255,-30.18002221351906
256,-29.63347850715099
257,-8.109771207227428
258,-26.280808166383494
259,-25.603438575292383
260,-24.786394667166697
261,-27.97274730032934
262,-6.2533670168795386
263,-30.275332393323385
264,-30.632007337262117
265,-29.93886015670217
266,-30.96847957388333
267,-30.632007337262117
268,-29.744704142261213
269,-6.870974945337683
270,-30.96847957388333
271,-29.112181583517703
272,-30.786158017089374
273,-31.884770305757485
274,-30.632007337262117
275,-30.96847957388333
276,-31.47930519764932
277,-30.012968128855892
278,-7.129853063663092
279,-10.570265705651387
280,-27.16627143446239
281,-26.03400564075264
282,-5.702086321274051
283,-26.237558182589677
284,-25.5640020115069
285,-24.73839190461275
286,-28.078107815987163
287,-8.30618638318188
288,-27.914478392205364
289,-24.92965445541551
290,-25.665174665824253
291,-26.433731852191784
292,-8.1049323729744
293,-6.503756747625284
294,-22.585961285793694
295,-21.765002701928548
296,-6.980620706264145
297,-30.012968128855892
298,-29.805328764077647
299,-30.09301083652943
300,-30.18002221351906
301,-30.275332393323385
302,-29.143930281832283
303,-6.784844529262347
304,-21.86369973756764
305,-22.685996570152767
306,-7.0661699542451935
307,-22.86728679249064
308,-23.683658661314727
309,-7.772844165027103
310,-24.84994194421187
311,-21.598029171478412
312,-22.419361449682718
313,-23.08775081785505
314,-7.820892720567077
315,-30.18002221351906
316,-31.884770305757485
317,-29.582185212763438
318,-30.09301083652943
319,-30.18002221351906
320,-29.533395048594006
321,-30.498475944637594
322,-28.6860971882068
323,-6.352487050667111
324,-23.944720619144885
325,-23.275909925815423
326,-22.454772451751925
327,-25.700621414820002
328,-6.5181725842373455
329,-29.2820806203131
330,-29.486875032959112
331,-29.93886015670217
332,-29.93886015670217
333,-29.2820806203131
334,-30.38069290898121
335,-5.202619745613981
336,-29.533395048594006
337,-30.275332393323385
338,-31.191623125197538
339,-30.498475944637594
340,-4.628272175110733
341,-29.93886015670217
342,-30.275332393323385
343,-5.727806711697064
344,-30.632007337262117
345,-31.884770305757485
346,-30.786158017089374
347,-29.533395048594006
348,-5.7929721891045975
349,-30.38069290898121
350,-30.275332393323385
351,-30.275332393323385
352,-31.191623125197538
353,-31.884770305757485
354,-30.786158017089374
355,-5.395678918642452
356,-30.09301083652943
357,-29.63347850715099
358,-6.151655493509093
359,-32.57791748631743
360,-29.176720104655274
361,-30.18002221351906
362,-30.38069290898121
363,-5.402978376434891
364,-31.47930519764932
365,-30.38069290898121
366,-30.18002221351906
367,-30.498475944637594
368,-31.191623125197538
369,-29.2820806203131
370,-5.4290527194515565
371,-29.399863655969483
372,-30.18002221351906
373,-30.96847957388333
374,-31.191623125197538
375,-5.539106439611937
376,-26.148198008278293
377,-25.340858460192692
378,-7.653159376046698
379,-25.162742376704134
380,-24.495206352079848
381,-23.674781853281893
382,-26.928943248156223
383,-6.9747313845933725
384,-28.966999573673206
385,-23.846904071047867
386,-26.1843267323668
387,-24.687709273207467
388,-24.6044175222928
389,-26.547232226056167
390,-6.080138567814787
391,-9.495854157646024
392,-26.14497739357825
393,-26.844576209419685
394,-6.958643870509095
395,-27.594310864609092
396,-26.72859270637057
397,-6.21113001441195
398,-27.615072856057523
399,-26.870807221568555
400,-26.066172156672703
401,-29.35904166144923
402,-5.893311775403898
403,-29.2820806203131
404,-26.221809825621538
405,-27.024957901395812
406,-27.71810508195576
407,-10.141102530941527
408,-28.08928111658529
409,-26.320249898434792
410,-26.37740831227474
411,-27.923957136159906
412,-25.533012369188057
413,-30.275332393323385
414,-6.422618782159259
415,-24.129645740367614
416,-24.952322414184977
417,-7.080984651283973
418,-29.687545728421266
419,-25.299978913371767
420,-27.62915759593926
421,-26.148198008278293
422,-26.061724410274465
423,-27.868387285005095
424,-8.770701921984726
425,-6.7195242861110005
426,-10.406074983268589
427,-28.32942224426807
428,-25.13191598799331
429,-25.949876110137897
430,-26.604107874448168
431,-8.500966361503295
432,-30.275332393323385
433,-29.533395048594006
434,-30.96847957388333
435,-32.57791748631743
436,-30.498475944637594
437,-29.93886015670217
439,-29.143930281832283
440,-8.905758731992826
441,-24.876717305459984
442,-24.05414597954107
443,-7.025566542514722
444,-25.8198229818897
445,-25.160337083902885
446,-24.335950926085626
447,-27.594310864609092
448,-7.5609505522084755
449,-26.271642199369413
450,-25.434299883613306
451,-7.116562961929083
452,-31.191623125197538
453,-29.210621656330954
454,-29.31982094829595
455,-29.399863655969483
456,-28.55256579558228
457,-29.022569424828017
458,-7.448739442810672
459,-8.90406092881586
460,-26.71998433183397
461,-26.057296358758734
462,-25.250136947895797
463,-28.48357292409533
464,-6.919420438666087
465,-28.403530216421792
466,-26.369327460220802
467,-26.45762006736648
468,-27.923957136159906
469,-25.63963300230047
470,-29.08140992485095
471,-8.085727951384726
472,-26.373359723748738
473,-25.519159333798765
474,-8.151156906319708
475,-24.676169967797286
476,-25.528662645061594
477,-7.795545547381833
478,-29.744704142261213
479,-30.38069290898121
480,-30.38069290898121
481,-30.786158017089374
482,-30.786158017089374
483,-30.786158017089374
484,-30.786158017089374
485,-30.786158017089374
486,-6.575280593630102
487,-27.567282192221175
488,-26.831714295777278
489,-26.036887487127526
490,-29.08140992485095
491,-5.916901330537116
492,-28.816717370623866
493,-26.6272749337297
494,-26.74018703915149
495,-28.234112064463744
496,-25.9263456127277
497,-28.966999573673206
498,-8.217207638405183
499,-26.38965336323484
500,-23.146275257906407
501,-23.96359758417047
502,-24.63591067782757
503,-9.348607905975365
504,-23.257199206871636
505,-24.080518922229373
506,-5.886738897637769
507,-31.47930519764932
508,-30.09301083652943
509,-30.275332393323385
510,-30.275332393323385
511,-31.884770305757485
512,-30.786158017089374
513,-29.93886015670217
514,-29.022569424828017
515,-10.214673527112987
516,-27.567282192221175
517,-24.31587464235049
518,-25.12900138377323
519,-25.814032577754993
520,-6.47157901525869
521,-24.456140067156355
522,-23.637157351429046
523,-6.541472120004144
524,-28.864345419613123
525,-25.268036000492643
526,-27.594310864609092
527,-26.085677651296958
528,-26.001447917269207
529,-27.992950007646858
530,-6.796034147560292
531,-26.94312788314818
532,-23.698305876335393
533,-24.518325157429885
534,-25.190208247236388
535,-6.554182279823361
536,-26.383512095212758
537,-24.42226821595143
538,-24.495515232391185
539,-26.011245056514188
540,-23.655125862347795
541,-28.864345419613123
542,-9.625886292382416
543,-6.786475804854595
544,-24.186968021475444
545,-24.990100266324003
546,-6.292564184841124
547,-28.419034402957756
548,-25.242935607445617
549,-26.073629312780785
550,-26.71998433183397
551,-6.287851063907346
552,-7.6044661906572495
553,-28.2471841460311
554,-26.2698190448079
555,-26.33181072083587
556,-27.877437120525013
557,-25.52260464297768
558,-28.966999573673206
559,-7.948707020179235
560,-24.237938914327003
561,-23.40465612258267
562,-6.540540858533827
563,-7.483300774142762
564,-23.765371716145193
565,-24.554037493582552
566,-10.102327122481679
567,-28.99439854786132
568,-30.09301083652943
569,-31.884770305757485
570,-29.687545728421266
571,-10.357350201797237
572,-29.93886015670217
573,-30.09301083652943
574,-30.18002221351906
575,-31.191623125197538
576,-31.191623125197538
577,-30.18002221351906
578,-32.57791748631743
579,-31.191623125197538
580,-6.714647793110907
581,-27.528061479067894
582,-24.271445326216845
583,-25.116851971963147
584,-25.752457450062124
585,-7.737776997614738
586,-23.638074362038928
587,-22.815878297365675
588,-8.436786669583304
589,-21.116190583379897
590,-21.935879269767508
591,-6.333100820418895
592,-27.687568358095675
593,-25.842137472075102
594,-25.86253409998275
595,-27.407433491279278
596,-25.044223776468797
597,-29.210621656330954
598,-7.712633440974424
599,-24.85656887369948
600,-24.186287517876536
601,-23.36697729426928
602,-26.619492793287648
603,-8.274175059751759
604,-9.172531060324314
605,-23.056422685704323
606,-23.879903864233505
607,-6.395643112309958
608,-27.036653941159003
609,-26.333750585653693
610,-25.541768992566894
611,-28.48357292409533
612,-9.357033805205536
613,-24.589713889294853
614,-23.76581837736009
615,-6.835095197766238
616,-26.014061959785302
617,-24.05952501432571
618,-24.13480149829751
619,-25.647422720365803
620,-23.293862076518966
621,-28.6860971882068
622,-7.914621268541828
623,-30.18002221351906
624,-28.135266229827113
625,-29.022569424828017
626,-29.022569424828017
627,-28.940331326591043
628,-29.582185212763438
629,-30.275332393323385
630,-28.4347827599259
631,-6.910147076253593
632,-28.99439854786132
633,-29.245712976142226
634,-29.210621656330954
635,-28.607625572765308
636,-8.899709906509358
637,-26.74018703915149
638,-23.495865134642777
639,-24.319495023858554
640,-24.985551357797632
641,-7.704731621167528
642,-25.922477135949784
643,-23.958348228284326
644,-24.037398469597694
645,-25.544411002029733
646,-23.19404406358037
647,-28.53486621848288
648,-6.379584320052097
649,-29.533395048594006
650,-29.93886015670217
651,-30.632007337262117
652,-31.47930519764932
653,-29.805328764077647
654,-30.275332393323385
656,-29.93886015670217
657,-6.937934470871556
658,-9.355971983108896
659,-27.330893414156943
660,-25.295843828223965
661,-25.378239140626256
662,-26.89094212997761
663,-24.54102071363236
664,-28.79372785239917
665,-7.0602744697171005
666,-24.76029204326406
667,-25.60812681641584
668,-7.845037651642728
669,-22.555358839140286
670,-21.73538016478663
671,-9.293305007286547
672,-26.632496877710853
673,-25.822148564333173
674,-25.0935488430313
675,-28.195890851643547
676,-7.594714363063426
677,-30.498475944637594
678,-30.498475944637594
679,-30.498475944637594
680,-30.786158017089374
681,-30.498475944637594
682,-31.47930519764932
683,-29.687545728421266
684,-29.35904166144923
685,-6.869456671528696
686,-29.210621656330954
687,-30.18002221351906
688,-30.38069290898121
689,-30.18002221351906
690,-31.191623125197538
691,-30.275332393323385
692,-30.632007337262117
693,-30.012968128855892
694,-30.38069290898121
695,-29.533395048594006
696,-11.014385633985759
697,-25.647422720365803
698,-26.462025360834396
699,-6.432558290184921
700,-23.319358542070773
701,-24.141717454110722
702,-11.504590572814115
703,-29.35904166144923
704,-26.847817703343853
705,-27.70272016311628
706,-28.403530216421792
707,-6.6931833024452905
708,-7.331211916176511
709,-26.351380817029963
710,-24.47623973886286
711,-24.51579990356269
712,-26.090233467832817
713,-23.683658661314727
714,-28.626673767736
715,-7.493825050725008
716,-29.63347850715099
717,-24.28536897234167
718,-26.619492793287648
719,-25.13074912671739
720,-25.037827166172104
721,-26.998187660331208
722,-8.056157145000514
723,-25.79007250400785
724,-22.537890569642475
725,-23.358617372969775
726,-24.02825710476369
727,-9.987567703992273
728,-23.873581047828026
729,-23.044190117268688
730,-6.05664881294043
731,-30.96847957388333
732,-31.191623125197538
733,-29.869867285215218
734,-30.632007337262117
735,-31.47930519764932
736,-29.869867285215218
737,-31.884770305757485
738,-29.210621656330954
739,-7.333511980491264
740,-24.096144240132453
741,-23.425630045789863
742,-22.605370397849807
743,-25.857697331182134
744,-6.9919808374228465
745,-24.452878388949685
746,-23.777652835007096
747,-22.95838562449227
748,-26.2080165034892
749,-8.582210252915601
750,-27.19342242352834
751,-21.55514937951808
752,-23.908174896440908
753,-22.396760319112527
754,-22.320644159476597
755,-24.273917515362236
756,-6.570171921883062
757,-29.582185212763438
758,-29.399863655969483
759,-31.884770305757485
760,-30.012968128855892
761,-29.93886015670217
762,-31.884770305757485
763,-29.63347850715099
764,-32.57791748631743
765,-29.210621656330954
766,-29.2820806203131
767,-6.351165498146626
768,-25.066392837926564
769,-23.109298106258784
770,-23.186923614647988
771,-24.697869285345853
772,-22.343616535368916
773,-27.97274730032934
774,-6.558490638698083
775,-28.816717370623866
776,-29.93886015670217
777,-29.744704142261213
778,-29.486875032959112
779,-30.498475944637594
780,-30.275332393323385
781,-30.275332393323385
782,-29.533395048594006
0,-29.93886015670217
1,-30.275332393323385
2,-6.332427007004589
3,-4.959402665241241
4,-30.96847957388333
5,-29.687545728421266
6,-30.275332393323385
7,-30.275332393323385
8,-3.2115553220187767
9,-29.805328764077647
10,-29.486875032959112
11,-3.548999086530997
12,-28.966999573673206
13,-29.05155696170127
14,-29.533395048594006
15,-30.38069290898121
16,-8.235813289768236
17,-28.32942224426807
18,-28.77125499654711
19,-4.553436366342904
20,-4.4441096015201085
21,-29.112181583517703
22,-30.18002221351906
23,-4.072349882766559
24,-28.28745804516904
25,-29.2820806203131
26,-4.6934745292184665
27,-5.5118106313840975
28,-28.607625572765308
29,-29.533395048594006
30,-28.940331326591043
31,-28.816717370623866
32,-4.681768770592475
33,-28.864345419613123
34,-28.665894480889282
35,-29.486875032959112
36,-29.35904166144923
37,-29.744704142261213
38,-29.05155696170127
39,-3.889674031061419
40,-28.403530216421792
41,-28.403530216421792
42,-3.2854568630514356
43,-29.687545728421266
44,-28.727769884607373
45,-29.022569424828017
46,-29.869867285215218
47,-4.038506857111319
48,-5.833527694094574
49,-29.143930281832283
50,-31.884770305757485
51,-3.9598872639387603
52,-29.744704142261213
53,-30.275332393323385
54,-30.18002221351906
55,-30.38069290898121
56,-5.4809807047002
57,-28.889038032203494
58,-29.245712976142226
59,-4.066078371805642
60,-29.176720104655274
61,-29.533395048594006
62,-29.399863655969483
63,-29.44242327038828
64,-5.163832320484094
65,-5.488615109580168
66,-30.275332393323385
67,-30.09301083652943
68,-5.515855935132023
69,-29.05155696170127
70,-30.96847957388333
71,-29.93886015670217
72,-29.805328764077647
73,-30.96847957388333
74,-30.09301083652943
75,-5.123922130889871
76,-29.176720104655274
77,-30.275332393323385
78,-5.608722884439916
79,-30.786158017089374
80,-30.09301083652943
81,-30.786158017089374
82,-30.18002221351906
83,-5.359207105923019
84,-31.884770305757485
85,-28.914355840187785
86,-4.724715382262812
87,-30.498475944637594
88,-29.869867285215218
89,-30.09301083652943
90,-30.09301083652943
91,-4.366295186265601
92,-30.786158017089374
93,-30.786158017089374
94,-31.47930519764932
95,-30.786158017089374
96,-31.47930519764932
97,-30.632007337262117
98,-6.952861092633976
99,-30.498475944637594
100,-30.632007337262117
101,-30.38069290898121
102,-30.498475944637594
103,-4.931146437895358
104,-30.786158017089374
105,-30.498475944637594
106,-32.57791748631743
107,-30.498475944637594
108,-30.632007337262117
109,-29.869867285215218
110,-6.381436012083037
111,-30.275332393323385
112,-29.31982094829595
113,-5.730716786140192
114,-31.47930519764932
115,-30.38069290898121
116,-31.191623125197538
117,-32.57791748631743
118,-30.498475944637594
119,-30.786158017089374
122,-7.631720818427949
123,-30.632007337262117
124,-30.96847957388333
125,-30.786158017089374
126,-29.869867285215218
127,-7.953106281157407
128,-3.9286628678230593
129,-28.727769884607373
130,-29.533395048594006
131,-3.8650440847518412
132,-29.35904166144923
133,-29.805328764077647
134,-30.96847957388333
135,-29.93886015670217
136,-29.805328764077647
137,-30.275332393323385
138,-7.106581046791746
139,-28.727769884607373
140,-29.93886015670217
141,-30.96847957388333
142,-29.143930281832283
143,-4.095497260917693
144,-30.38069290898121
145,-31.884770305757485
146,-6.167739983625503
147,-30.275332393323385
148,-30.18002221351906
149,-29.08140992485095
150,-31.191623125197538
151,-5.277357504914768
152,-30.96847957388333
153,-30.38069290898121
154,-30.275332393323385
155,-29.744704142261213
156,-4.671489717003212
157,-30.275332393323385
158,-29.93886015670217
159,-30.632007337262117
160,-30.96847957388333
161,-29.744704142261213
162,-30.632007337262117
163,-5.812654711922811
164,-29.112181583517703
165,-30.09301083652943
166,-6.778475203283284
167,-30.18002221351906
168,-29.582185212763438
169,-30.275332393323385
170,-29.022569424828017
171,-5.165147756272544
172,-5.023249273298152
173,-30.18002221351906
174,-31.191623125197538
175,-30.498475944637594
176,-31.191623125197538
177,-30.498475944637594
178,-30.275332393323385
179,-5.2881668895508085
180,-29.744704142261213
181,-28.940331326591043
182,-4.343458149821374
183,-29.744704142261213
184,-30.632007337262117
185,-30.632007337262117
186,-30.275332393323385
187,-3.981314696413401
188,-29.869867285215218
189,-29.31982094829595
190,-31.191623125197538
191,-29.210621656330954
192,-29.35904166144923
193,-29.486875032959112
194,-3.8432669839490106
195,-29.31982094829595
196,-29.63347850715099
197,-5.254735829406951
198,-4.541021565393283
199,-30.498475944637594
200,-30.498475944637594
201,-7.300037641297062
202,-30.786158017089374
203,-29.93886015670217
204,-32.57791748631743
205,-29.93886015670217
206,-5.185258060955459
207,-28.57058430108496
208,-29.08140992485095
209,-29.582185212763438
210,-29.744704142261213
211,-31.191623125197538
212,-29.022569424828017
213,-30.275332393323385
214,-30.786158017089374
215,-4.591404393170151
216,-30.786158017089374
217,-30.18002221351906
218,-31.47930519764932
219,-30.18002221351906
220,-4.346972567398616
221,-29.744704142261213
222,-29.44242327038828
223,-5.293125566980085
224,-30.275332393323385
225,-30.38069290898121
226,-30.96847957388333
227,-29.93886015670217
228,-31.47930519764932
229,-30.09301083652943
230,-5.275495181314262
231,-29.176720104655274
232,-30.18002221351906
233,-4.869500350180979
234,-4.8953144686875785
235,-31.191623125197538
236,-30.38069290898121
237,-30.96847957388333
238,-30.96847957388333
239,-5.348291402603531
240,-30.96847957388333
241,-31.191623125197538
242,-30.96847957388333
243,-30.786158017089374
244,-30.96847957388333
245,-31.191623125197538
246,-4.737723758140383
247,-31.47930519764932
248,-29.805328764077647
249,-5.703665323554106
250,-30.632007337262117
251,-31.47930519764932
252,-31.191623125197538
254,-31.191623125197538
255,-30.012968128855892
257,-30.96847957388333
258,-4.66640243217162
259,-29.176720104655274
260,-28.889038032203494
261,-29.93886015670217
262,-30.012968128855892
263,-5.9252010661359895
264,-29.805328764077647
265,-29.744704142261213
266,-4.997098148113333
267,-5.589034841537539
268,-30.38069290898121
269,-30.632007337262117
270,-30.96847957388333
271,-31.47930519764932
272,-4.494900616279963
273,-4.543362144925369
274,-30.09301083652943
275,-30.632007337262117
276,-6.0491446258832475
277,-30.18002221351906
278,-30.275332393323385
279,-30.96847957388333
280,-30.09301083652943
281,-5.30826564845294
282,-30.38069290898121
283,-29.31982094829595
284,-4.528798840921387
285,-30.786158017089374
286,-30.275332393323385
287,-29.93886015670217
288,-29.210621656330954
289,-5.971660374811898
290,-30.498475944637594
291,-30.632007337262117
292,-30.96847957388333
293,-30.632007337262117
294,-30.632007337262117
295,-30.632007337262117
296,-4.445198611212353
298,-31.884770305757485
299,-31.47930519764932
300,-30.632007337262117
301,-5.7776508420536015
302,-30.09301083652943
303,-29.687545728421266
304,-5.929807315693976
305,-30.96847957388333
306,-31.47930519764932
307,-30.275332393323385
308,-31.884770305757485
309,-31.191623125197538
310,-30.275332393323385
311,-4.728074016121846
312,-31.191623125197538
313,-30.632007337262117
314,-30.96847957388333
315,-30.96847957388333
316,-31.47930519764932
317,-30.09301083652943
318,-7.629818895057159
319,-29.143930281832283
320,-28.840247868034062
321,-5.492356810116905
322,-29.112181583517703
323,-30.632007337262117
324,-29.805328764077647
325,-30.275332393323385
326,-7.008847199133321
327,-31.47930519764932
328,-30.786158017089374
329,-31.884770305757485
330,-30.96847957388333
332,-30.96847957388333
333,-30.96847957388333
334,-31.47930519764932
335,-5.142428617349028
336,-30.275332393323385
338,-30.09301083652943
340,-30.96847957388333
341,-30.498475944637594
342,-30.498475944637594
343,-31.884770305757485
344,-4.868946370134994
345,-29.143930281832283
346,-30.275332393323385
347,-29.486875032959112
348,-31.884770305757485
349,-5.787014398695367
350,-31.884770305757485
351,-31.191623125197538
353,-31.191623125197538
354,-31.47930519764932
355,-30.96847957388333
356,-31.47930519764932
357,-30.786158017089374
358,-30.786158017089374
359,-31.191623125197538
360,-8.492162554489633
362,-30.09301083652943
364,-31.191623125197538
365,-31.884770305757485
366,-30.275332393323385
367,-4.9295398628537805
368,-29.93886015670217
369,-28.940331326591043
370,-4.6347028608319185
371,-29.44242327038828
372,-29.210621656330954
373,-30.38069290898121
374,-30.012968128855892
375,-29.687545728421266
376,-29.2820806203131
377,-4.861380185844324
378,-4.336463674992915
379,-28.53486621848288
380,-29.744704142261213
381,-29.05155696170127
382,-29.533395048594006
383,-5.298155068606797
384,-28.70671647540954
385,-29.399863655969483
386,-4.999557332518256
387,-29.31982094829595
388,-29.744704142261213
389,-31.191623125197538
390,-29.805328764077647
391,-4.161837777672839
392,-29.744704142261213
393,-29.93886015670217
394,-31.47930519764932
395,-31.884770305757485
396,-5.791192516368215
397,-28.77125499654711
398,-31.884770305757485
399,-29.582185212763438
400,-30.38069290898121
401,-29.35904166144923
402,-29.31982094829595
403,-4.41150368630451
404,-29.08140992485095
405,-29.44242327038828
406,-5.487851407235637
407,-29.022569424828017
408,-29.31982094829595
409,-29.399863655969483
410,-30.275332393323385
411,-29.63347850715099
412,-29.31982094829595
413,-6.053510022839711
414,-29.486875032959112
415,-28.864345419613123
416,-28.914355840187785
417,-28.646091853593102
418,-5.458110587145683
419,-29.869867285215218
420,-28.260429372781118
421,-7.124681298312129
422,-29.05155696170127
423,-30.498475944637594
424,-29.143930281832283
425,-29.582185212763438
426,-5.0435209871173425
427,-29.533395048594006
428,-31.191623125197538
429,-29.582185212763438
430,-30.09301083652943
431,-31.191623125197538
432,-30.632007337262117
433,-5.7080808018637414
434,-29.93886015670217
435,-30.96847957388333
436,-30.96847957388333
437,-31.191623125197538
438,-30.012968128855892
439,-30.275332393323385
440,-30.275332393323385
442,-6.670502073993662
443,-4.071892622894762
444,-29.2820806203131
445,-29.93886015670217
446,-4.591105402463045
447,-6.344558023817354
448,-29.869867285215218
449,-29.805328764077647
450,-29.93886015670217
451,-29.582185212763438
452,-30.18002221351906
453,-28.99439854786132
454,-6.43113036274008
455,-29.2820806203131
456,-29.08140992485095
457,-31.191623125197538
458,-30.498475944637594
459,-30.275332393323385
460,-29.533395048594006
461,-29.08140992485095
462,-30.18002221351906
463,-7.111832975902776
464,-29.31982094829595
465,-31.47930519764932
466,-29.744704142261213
467,-29.35904166144923
468,-4.179658439597261
469,-30.96847957388333
470,-29.63347850715099
471,-30.96847957388333
472,-30.275332393323385
473,-29.744704142261213
474,-31.191623125197538
475,-4.045549472587118
476,-28.70671647540954
477,-29.533395048594006
478,-30.275332393323385
479,-29.44242327038828
480,-4.783287963907092
481,-29.176720104655274
482,-29.486875032959112
483,-31.47930519764932
484,-29.869867285215218
485,-29.582185212763438
486,-30.38069290898121
487,-30.012968128855892
488,-29.805328764077647
489,-4.796072788432297
490,-29.582185212763438
491,-32.57791748631743
492,-31.191623125197538
493,-30.38069290898121
494,-6.910968906973323
495,-29.744704142261213
496,-28.914355840187785
497,-30.09301083652943
498,-29.744704142261213
499,-29.143930281832283
500,-29.35904166144923
501,-4.709024127669489
502,-30.38069290898121
503,-30.786158017089374
504,-3.923855832881371
505,-28.914355840187785
506,-29.687545728421266
507,-4.793420600542135
508,-30.632007337262117
509,-30.38069290898121
510,-30.786158017089374
511,-31.191623125197538
512,-8.653308533481193
513,-30.275332393323385
514,-31.47930519764932
515,-30.786158017089374
516,-32.57791748631743
517,-30.786158017089374
518,-29.44242327038828
519,-5.221657384979014
520,-29.63347850715099
521,-29.744704142261213
522,-29.869867285215218
523,-30.786158017089374
524,-6.0521473761690485
525,-29.63347850715099
526,-30.012968128855892
527,-8.950738624941478
528,-30.96847957388333
529,-29.582185212763438
530,-29.805328764077647
531,-29.44242327038828
532,-28.99439854786132
533,-29.63347850715099
534,-29.93886015670217
535,-28.727769884607373
536,-7.702965516762783
537,-5.496997482490153
538,-30.786158017089374
539,-31.191623125197538
540,-32.57791748631743
541,-30.38069290898121
542,-5.170742460229251
543,-30.38069290898121
544,-30.786158017089374
545,-31.191623125197538
546,-31.884770305757485
547,-29.744704142261213
548,-30.632007337262117
549,-6.672049089036767
550,-29.399863655969483
551,-28.864345419613123
552,-29.744704142261213
553,-30.09301083652943
554,-29.93886015670217
555,-29.744704142261213
556,-30.09301083652943
557,-29.93886015670217
558,-29.08140992485095
559,-30.09301083652943
560,-6.218813389898324
561,-30.09301083652943
562,-28.864345419613123
563,-31.884770305757485
564,-30.96847957388333
565,-29.744704142261213
566,-30.498475944637594
567,-6.793872278839273
568,-30.275332393323385
569,-30.498475944637594
570,-31.884770305757485
571,-30.498475944637594
572,-32.57791748631743
573,-30.96847957388333
574,-30.18002221351906
575,-30.09301083652943
576,-8.96309975843919
577,-29.687545728421266
578,-30.275332393323385
579,-5.66373328022817
580,-30.498475944637594
581,-29.533395048594006
582,-30.786158017089374
583,-31.191623125197538
584,-5.509243688281552
585,-32.57791748631743
586,-30.012968128855892
587,-4.70604152248532
588,-9.923079160231705
589,-31.47930519764932
591,-31.47930519764932
592,-30.786158017089374
593,-31.47930519764932
595,-6.527178750723718
596,-30.275332393323385
597,-29.93886015670217
598,-5.263752454953851
599,-31.191623125197538
600,-31.884770305757485
601,-30.498475944637594
602,-30.09301083652943
603,-4.716087072392774
604,-31.191623125197538
605,-31.47930519764932
606,-6.355645837851081
607,-30.498475944637594
608,-30.632007337262117
609,-30.498475944637594
610,-30.786158017089374
611,-5.872267854953135
612,-31.191623125197538
613,-30.786158017089374
614,-30.498475944637594
615,-31.884770305757485
616,-30.498475944637594
617,-30.786158017089374
618,-5.005136354303166
619,-30.498475944637594
620,-30.632007337262117
621,-30.96847957388333
622,-31.191623125197538
623,-30.498475944637594
624,-31.884770305757485
625,-6.48701277284291
626,-5.564643913244765
627,-31.47930519764932
628,-30.18002221351906
629,-31.884770305757485
630,-30.498475944637594
631,-30.96847957388333
632,-30.786158017089374
633,-30.09301083652943
634,-30.012968128855892
635,-5.092888619142353
636,-29.744704142261213
637,-30.275332393323385
638,-9.256879514319332
639,-30.96847957388333
640,-30.96847957388333
641,-30.96847957388333
642,-29.143930281832283
643,-6.390000699512434
644,-30.96847957388333
645,-30.96847957388333
646,-32.57791748631743
647,-32.57791748631743
648,-30.632007337262117
649,-31.47930519764932
650,-31.47930519764932
651,-30.786158017089374
652,-4.486747832980349
653,-30.786158017089374
654,-30.38069290898121
655,-30.96847957388333
656,-31.191623125197538
657,-31.884770305757485
658,-31.191623125197538
659,-30.96847957388333
660,-31.884770305757485
661,-31.884770305757485
662,-31.884770305757485
663,-6.925370608037674
664,-30.09301083652943
665,-31.191623125197538
666,-30.96847957388333
667,-30.012968128855892
668,-31.884770305757485
669,-29.805328764077647
670,-10.38770386402599
671,-29.93886015670217
672,-30.96847957388333
673,-6.125207149698008
674,-30.786158017089374
675,-29.35904166144923
676,-32.57791748631743
677,-30.786158017089374
678,-4.0243895068468625
679,-5.422903284257848
680,-30.498475944637594
681,-30.38069290898121
682,-4.769463653782564
683,-29.744704142261213
684,-30.96847957388333
685,-30.38069290898121
686,-30.632007337262117
687,-5.123906990033087
688,-30.632007337262117
689,-29.533395048594006
690,-5.900379946663913
691,-29.869867285215218
692,-30.38069290898121
693,-30.632007337262117
694,-30.96847957388333
695,-5.919386043404751
696,-29.869867285215218
697,-31.191623125197538
699,-30.275332393323385
700,-31.47930519764932
701,-30.632007337262117
702,-4.755550989087691
703,-30.786158017089374
704,-30.498475944637594
705,-31.884770305757485
706,-29.93886015670217
707,-5.843926438488833
708,-31.884770305757485
710,-30.09301083652943
711,-30.96847957388333
712,-32.57791748631743
713,-30.786158017089374
715,-29.486875032959112
716,-5.6182470826889785
718,-30.786158017089374
719,-30.632007337262117
720,-31.47930519764932
721,-30.012968128855892
722,-31.884770305757485
723,-4.76187407800253
724,-30.18002221351906
725,-30.09301083652943
726,-31.47930519764932
727,-30.786158017089374
728,-30.632007337262117
729,-30.632007337262117
730,-4.692438203658742
731,-30.18002221351906
732,-31.884770305757485
733,-30.012968128855892
735,-30.632007337262117
736,-30.786158017089374
738,-30.38069290898121
739,-5.278268032740831
740,-30.498475944637594
741,-31.191623125197538
742,-31.47930519764932
743,-31.47930519764932
744,-29.687545728421266
745,-31.47930519764932
746,-30.786158017089374
747,-31.884770305757485
748,-4.56211670054033
749,-30.786158017089374
750,-30.632007337262117
751,-30.96847957388333
752,-31.47930519764932
753,-30.786158017089374
754,-30.498475944637594
755,-31.884770305757485
756,-30.786158017089374
757,-30.96847957388333
759,-5.930616913830039
760,-30.96847957388333
761,-30.632007337262117
762,-30.18002221351906
764,-30.09301083652943
765,-31.884770305757485
766,-30.786158017089374
768,-30.632007337262117
769,-31.47930519764932
770,-4.353621516263216
771,-30.786158017089374
772,-30.18002221351906
773,-30.498475944637594
774,-31.884770305757485
775,-31.191623125197538
776,-31.47930519764932
777,-31.47930519764932
778,-31.191623125197538
779,-31.191623125197538
780,-30.18002221351906
781,-31.191623125197538
782,-30.09301083652943
0,-9.732828293202857
1,-30.275332393323385
2,-31.191623125197538
3,-9.023449228631183
4,-30.18002221351906
5,-29.582185212763438
6,-30.96847957388333
7,-30.012968128855892
8,-6.398943156874043
9,-29.582185212763438
10,-31.47930519764932
11,-9.54363160392197
12,-29.805328764077647
13,-30.96847957388333
14,-7.991624033652625
15,-10.357312149547822
16,-30.632007337262117
17,-29.582185212763438
18,-10.120723306320773
19,-29.805328764077647
20,-31.191623125197538
21,-31.191623125197538
22,-32.57791748631743
23,-8.589141112929392
24,-29.176720104655274
25,-29.35904166144923
26,-9.515600538916337
27,-30.96847957388333
28,-30.18002221351906
29,-30.38069290898121
30,-30.012968128855892
31,-9.135403315056793
32,-30.498475944637594
33,-31.884770305757485
34,-30.275332393323385
35,-30.012968128855892
36,-30.09301083652943
37,-29.687545728421266
38,-6.935692761302534
39,-12.256177115569468
40,-30.786158017089374
41,-29.805328764077647
42,-9.71150095323466
43,-31.47930519764932
44,-30.632007337262117
45,-30.96847957388333
46,-30.632007337262117
47,-10.11537362325764
48,-10.952058588515024
49,-30.786158017089374
50,-30.09301083652943
51,-10.204306632694598
52,-30.275332393323385
53,-30.09301083652943
54,-29.869867285215218
55,-30.275332393323385
56,-11.016533230150234
57,-30.38069290898121
58,-30.18002221351906
59,-30.498475944637594
60,-31.884770305757485
61,-30.09301083652943
62,-30.96847957388333
63,-8.43461400961592
64,-30.498475944637594
65,-30.38069290898121
66,-8.05380989490397
67,-30.09301083652943
68,-30.96847957388333
69,-31.191623125197538
70,-30.275332393323385
71,-6.749255201545554
72,-29.869867285215218
73,-31.47930519764932
74,-10.896316762087572
75,-30.275332393323385
76,-31.191623125197538
77,-30.275332393323385
78,-29.744704142261213
79,-10.410269635468003
80,-10.933027902932194
81,-29.869867285215218
82,-31.191623125197538
83,-31.47930519764932
84,-29.63347850715099
85,-11.049498984888311
86,-31.884770305757485
87,-30.275332393323385
88,-8.178140125517562
89,-17.087747727919833
90,-30.18002221351906
91,-30.96847957388333
92,-10.604073281378618
93,-30.275332393323385
94,-30.96847957388333
95,-12.987255174770876
96,-30.275332393323385
97,-31.191623125197538
98,-31.47930519764932
99,-30.786158017089374
100,-12.210396637281502
101,-30.96847957388333
102,-31.191623125197538
103,-31.47930519764932
104,-29.63347850715099
105,-10.929874241025743
106,-11.89211782366819
107,-31.191623125197538
108,-29.176720104655274
109,-11.037626074764216
111,-30.632007337262117
113,-30.275332393323385
114,-30.275332393323385
115,-30.38069290898121
116,-11.660407529634975
117,-29.93886015670217
118,-31.191623125197538
119,-30.786158017089374
120,-30.18002221351906
121,-8.582420013711294
122,-11.19399927920451
123,-30.498475944637594
124,-30.786158017089374
125,-10.370219776165694
126,-31.191623125197538
127,-30.96847957388333
128,-30.96847957388333
129,-31.191623125197538
130,-10.253355403741455
131,-30.012968128855892
132,-29.869867285215218
133,-10.966692936680555
134,-29.805328764077647
135,-31.884770305757485
136,-31.884770305757485
137,-30.275332393323385
138,-30.632007337262117
139,-31.191623125197538
140,-11.648657753947742
142,-30.498475944637594
143,-30.09301083652943
144,-29.93886015670217
145,-10.199931453239904
146,-30.786158017089374
147,-31.191623125197538
148,-30.632007337262117
149,-31.191623125197538
150,-30.38069290898121
151,-29.869867285215218
152,-10.119734335586106
153,-30.786158017089374
154,-30.38069290898121
155,-31.47930519764932
156,-30.96847957388333
157,-31.191623125197538
158,-31.884770305757485
159,-30.275332393323385
160,-29.245712976142226
161,-10.949434340161607
162,-31.191623125197538
163,-30.498475944637594
164,-9.825721062528245
165,-29.744704142261213
166,-31.884770305757485
167,-31.884770305757485
168,-31.884770305757485
169,-9.481409285185324
170,-30.786158017089374
171,-31.191623125197538
172,-31.191623125197538
174,-30.96847957388333
175,-31.47930519764932
176,-7.550920046390154
177,-30.09301083652943
178,-31.47930519764932
179,-30.96847957388333
180,-29.63347850715099
181,-9.254282128167999
182,-30.38069290898121
184,-30.38069290898121
185,-30.786158017089374
186,-30.96847957388333
187,-29.687545728421266
188,-8.992366717231095
189,-30.96847957388333
190,-31.884770305757485
191,-30.275332393323385
192,-31.884770305757485
193,-31.191623125197538
194,-31.47930519764932
195,-32.57791748631743
196,-30.275332393323385
197,-9.471336521551486
198,-30.18002221351906
199,-30.498475944637594
200,-9.429254776122534
201,-29.687545728421266
202,-32.57791748631743
203,-29.744704142261213
204,-30.96847957388333
205,-10.552902208901026
206,-30.012968128855892
207,-30.632007337262117
208,-10.142953205248151
209,-30.96847957388333
210,-29.533395048594006
211,-29.93886015670217
212,-30.275332393323385
214,-31.191623125197538
215,-8.451215187221557
216,-29.805328764077647
217,-30.18002221351906
218,-9.323116499094183
219,-11.428880749725362
220,-30.38069290898121
221,-31.47930519764932
222,-12.216937921692516
223,-30.786158017089374
224,-31.47930519764932
225,-30.012968128855892
226,-31.191623125197538
227,-8.091282556145675
228,-30.09301083652943
229,-30.275332393323385
230,-13.013669937817602
231,-30.786158017089374
232,-30.786158017089374
233,-31.47930519764932
234,-30.632007337262117
235,-12.180833953998178
237,-31.884770305757485
238,-30.498475944637594
239,-30.786158017089374
240,-30.38069290898121
241,-30.786158017089374
242,-9.136181760518118
243,-30.786158017089374
244,-31.884770305757485
245,-30.498475944637594
246,-30.632007337262117
247,-7.26634361826803
248,-30.96847957388333
249,-31.47930519764932
250,-30.786158017089374
251,-31.884770305757485
252,-30.96847957388333
253,-31.47930519764932
254,-8.321694627999493
255,-29.582185212763438
256,-30.632007337262117
257,-30.96847957388333
258,-30.96847957388333
259,-9.313776464298423
260,-29.63347850715099
261,-30.96847957388333
262,-30.18002221351906
264,-11.07313839953986
265,-29.869867285215218
266,-29.93886015670217
267,-31.191623125197538
268,-31.47930519764932
269,-30.275332393323385
270,-29.93886015670217
271,-9.134638501512178
272,-29.399863655969483
273,-31.884770305757485
274,-30.96847957388333
275,-29.687545728421266
276,-30.275332393323385
277,-29.93886015670217
278,-30.275332393323385
279,-29.63347850715099
280,-8.701290779017672
281,-30.786158017089374
282,-29.582185212763438
283,-13.106308745568624
284,-30.498475944637594
285,-30.275332393323385
286,-31.884770305757485
287,-30.09301083652943
288,-10.406277142224177
289,-11.06103294939278
290,-31.191623125197538
291,-29.869867285215218
292,-11.192779951110015
293,-30.786158017089374
294,-30.786158017089374
295,-31.884770305757485
296,-30.96847957388333
297,-30.96847957388333
298,-30.632007337262117
299,-11.937802368662787
300,-29.744704142261213
301,-30.18002221351906
302,-32.57791748631743
303,-30.498475944637594
304,-10.764233909829986
305,-30.09301083652943
306,-30.012968128855892
307,-11.958533132669976
308,-29.687545728421266
309,-30.632007337262117
311,-32.57791748631743
312,-30.275332393323385
313,-30.498475944637594
314,-10.668421115089743
315,-31.47930519764932
316,-30.632007337262117
317,-30.498475944637594
318,-29.93886015670217
319,-8.51399733955267
320,-11.312173286694403
321,-30.786158017089374
322,-30.38069290898121
323,-10.623184978948537
325,-30.786158017089374
326,-30.09301083652943
327,-31.47930519764932
328,-10.220978486872063
329,-30.09301083652943
330,-31.191623125197538
331,-30.96847957388333
332,-31.884770305757485
333,-31.47930519764932
334,-30.275332393323385
335,-9.931839071115414
337,-30.18002221351906
338,-31.47930519764932
339,-30.96847957388333
340,-31.884770305757485
341,-30.96847957388333
342,-30.38069290898121
343,-30.09301083652943
344,-9.628988339771697
345,-11.669309796599713
346,-30.012968128855892
347,-30.38069290898121
348,-10.801778096219785
349,-29.869867285215218
350,-31.191623125197538
351,-30.96847957388333
352,-30.09301083652943
353,-10.771048881090724
354,-30.275332393323385
355,-30.275332393323385
356,-11.061126197596565
357,-29.93886015670217
359,-31.191623125197538
360,-31.884770305757485
361,-30.786158017089374
362,-30.18002221351906
363,-11.621632120858894
364,-30.38069290898121
365,-30.786158017089374
366,-31.884770305757485
367,-30.96847957388333
368,-10.170445513083044
369,-31.191623125197538
371,-30.96847957388333
372,-31.884770305757485
373,-30.96847957388333
374,-30.38069290898121
375,-11.053479577805698
376,-30.96847957388333
377,-31.47930519764932
379,-30.786158017089374
380,-32.57791748631743
381,-30.786158017089374
382,-31.47930519764932
383,-30.012968128855892
384,-7.566868874134403
385,-29.93886015670217
386,-29.744704142261213
387,-10.319671888180796
388,-31.191623125197538
389,-31.191623125197538
390,-30.786158017089374
391,-30.96847957388333
392,-9.90164875994476
393,-30.275332393323385
394,-30.786158017089374
395,-31.191623125197538
396,-31.884770305757485
397,-31.884770305757485
398,-30.275332393323385
399,-11.02816268597385
401,-30.38069290898121
402,-30.18002221351906
403,-31.191623125197538
404,-10.382931426172068
405,-32.57791748631743
406,-31.191623125197538
407,-30.18002221351906
408,-31.47930519764932
409,-31.884770305757485
410,-30.012968128855892
411,-10.798932162448525
412,-31.191623125197538
413,-30.96847957388333
414,-31.884770305757485
415,-30.012968128855892
416,-31.884770305757485
418,-30.96847957388333
419,-30.786158017089374
420,-10.738232604552065
421,-31.47930519764932
422,-30.632007337262117
423,-31.47930519764932
424,-30.498475944637594
425,-30.498475944637594
426,-31.191623125197538
427,-30.786158017089374
428,-31.47930519764932
429,-9.660625561084991
430,-30.96847957388333
431,-31.47930519764932
432,-30.96847957388333
433,-30.96847957388333
434,-31.884770305757485
435,-30.632007337262117
437,-31.47930519764932
438,-30.96847957388333
439,-30.012968128855892
440,-8.883911951361787
441,-32.57791748631743
442,-31.884770305757485
443,-30.275332393323385
444,-30.96847957388333
445,-30.498475944637594
446,-31.47930519764932
447,-7.956337499297627
448,-31.191623125197538
449,-30.38069290898121
451,-31.191623125197538
452,-12.181146430754458
453,-30.632007337262117
454,-30.275332393323385
455,-30.786158017089374
456,-30.786158017089374
457,-11.874012587606174
458,-30.786158017089374
459,-30.96847957388333
460,-11.714962408769004
461,-10.856783555761343
462,-30.96847957388333
463,-30.96847957388333
464,-31.47930519764932
465,-30.632007337262117
466,-30.275332393323385
468,-10.16378658448024
470,-30.786158017089374
471,-31.191623125197538
472,-30.786158017089374
473,-30.632007337262117
474,-30.38069290898121
475,-30.38069290898121
476,-31.884770305757485
477,-8.75115156740487
478,-30.18002221351906
479,-31.191623125197538
480,-10.350184227553289
481,-30.275332393323385
482,-31.884770305757485
483,-30.96847957388333
484,-30.96847957388333
485,-9.949724225163102
486,-30.96847957388333
487,-30.498475944637594
488,-31.884770305757485
489,-31.191623125197538
490,-30.38069290898121
491,-30.96847957388333
492,-9.669021910456273
493,-29.869867285215218
494,-30.786158017089374
495,-30.786158017089374
496,-31.884770305757485
497,-30.96847957388333
498,-31.884770305757485
499,-30.275332393323385
500,-30.96847957388333
501,-9.456001916431106
502,-30.786158017089374
503,-30.498475944637594
505,-30.498475944637594
506,-30.09301083652943
507,-31.47930519764932
508,-30.275332393323385
511,-29.93886015670217
512,-9.57745790388574
513,-30.275332393323385
514,-31.884770305757485
515,-31.884770305757485
516,-30.96847957388333
517,-31.191623125197538
518,-30.786158017089374
519,-12.268092149034437
520,-30.38069290898121
521,-30.96847957388333
522,-30.96847957388333
523,-32.57791748631743
524,-19.271901771334157
525,-31.191623125197538
526,-30.18002221351906
527,-7.263874933763618
528,-30.38069290898121
529,-31.884770305757485
530,-32.57791748631743
531,-30.96847957388333
532,-15.037388524073968
533,-31.191623125197538
534,-31.884770305757485
535,-30.498475944637594
536,-32.57791748631743
537,-30.498475944637594
538,-32.57791748631743
539,-32.57791748631743
540,-29.687545728421266
541,-14.18535596809428
542,-30.38069290898121
544,-30.786158017089374
545,-30.96847957388333
546,-31.884770305757485
548,-7.43387577637257
549,-31.191623125197538
550,-29.869867285215218
551,-12.038113384721575
552,-30.632007337262117
553,-31.191623125197538
554,-30.498475944637594
555,-30.786158017089374
556,-11.797767580826966
557,-30.275332393323385
558,-30.96847957388333
559,-30.38069290898121
560,-31.191623125197538
561,-31.191623125197538
562,-31.47930519764932
563,-7.66825949653259
564,-11.711419215255418
565,-30.632007337262117
566,-29.805328764077647
567,-11.001956516498604
568,-30.632007337262117
569,-31.884770305757485
570,-30.275332393323385
571,-30.275332393323385
572,-10.575779651389665
573,-30.96847957388333
574,-30.96847957388333
575,-30.498475944637594
576,-30.786158017089374
577,-31.884770305757485
578,-31.884770305757485
579,-10.270002568136151
580,-29.805328764077647
581,-31.191623125197538
582,-30.275332393323385
583,-32.57791748631743
584,-31.191623125197538
585,-30.498475944637594
586,-30.498475944637594
588,-7.441997019052451
589,-31.884770305757485
590,-30.632007337262117
591,-10.787377795832102
592,-31.191623125197538
593,-30.632007337262117
594,-30.786158017089374
595,-30.632007337262117
596,-10.383969290960758
597,-31.191623125197538
598,-30.96847957388333
599,-31.191623125197538
600,-32.57791748631743
601,-31.191623125197538
602,-30.786158017089374
603,-10.100132898393847
604,-32.57791748631743
605,-30.498475944637594
606,-31.884770305757485
607,-30.498475944637594
608,-31.191623125197538
609,-31.884770305757485
610,-30.96847957388333
611,-31.47930519764932
612,-9.883484381165802
613,-29.93886015670217
614,-29.869867285215218
615,-31.47930519764932
616,-31.47930519764932
617,-30.498475944637594
618,-30.96847957388333
619,-31.47930519764932
620,-31.884770305757485
621,-32.57791748631743
622,-30.38069290898121
623,-7.516146650309968
624,-30.786158017089374
625,-30.18002221351906
626,-29.93886015670217
627,-31.191623125197538
628,-11.281657517042362
629,-30.38069290898121
630,-30.498475944637594
631,-30.632007337262117
632,-30.632007337262117
633,-30.275332393323385
634,-32.57791748631743
635,-11.071016605890856
636,-29.93886015670217
637,-30.96847957388333
638,-30.18002221351906
639,-30.96847957388333
640,-32.57791748631743
642,-31.191623125197538
643,-30.632007337262117
644,-7.7702238039837095
645,-30.18002221351906
646,-30.96847957388333
647,-10.699411842633555
648,-30.786158017089374
649,-31.884770305757485
650,-29.687545728421266
651,-30.632007337262117
652,-10.29171382029427
653,-30.09301083652943
654,-31.884770305757485
655,-30.498475944637594
656,-30.632007337262117
657,-30.275332393323385
658,-31.191623125197538
659,-10.003829099407241
660,-29.93886015670217
661,-30.632007337262117
662,-30.786158017089374
663,-31.191623125197538
664,-30.632007337262117
665,-31.884770305757485
666,-30.96847957388333
667,-30.632007337262117
668,-9.784455482637915
669,-30.786158017089374
670,-30.09301083652943
671,-31.884770305757485
672,-31.191623125197538
673,-30.96847957388333
674,-32.57791748631743
675,-31.191623125197538
676,-31.191623125197538
677,-30.632007337262117
678,-30.786158017089374
679,-7.657726763967112
680,-11.206119191954715
681,-29.93886015670217
682,-31.191623125197538
683,-10.513677505455908
684,-31.191623125197538
685,-30.786158017089374
686,-30.786158017089374
687,-31.884770305757485
688,-10.109466633338918
689,-30.275332393323385
690,-31.47930519764932
691,-31.191623125197538
692,-30.96847957388333
693,-31.884770305757485
694,-32.57791748631743
695,-9.823701287854536
696,-30.498475944637594
697,-31.884770305757485
698,-30.498475944637594
699,-30.498475944637594
700,-32.57791748631743
701,-30.498475944637594
702,-32.57791748631743
703,-30.96847957388333
704,-9.603292124426424
705,-29.744704142261213
706,-31.884770305757485
707,-31.191623125197538
708,-32.57791748631743
709,-30.96847957388333
710,-30.18002221351906
711,-30.632007337262117
712,-31.884770305757485
714,-30.38069290898121
715,-9.42471951601091
716,-30.012968128855892
717,-30.38069290898121
718,-31.47930519764932
719,-30.786158017089374
720,-30.96847957388333
721,-31.191623125197538
722,-30.96847957388333
723,-30.09301083652943
725,-32.57791748631743
726,-30.38069290898121
727,-31.191623125197538
728,-2.852888025796848
729,-29.805328764077647
730,-28.53486621848288
731,-6.35248991993061
732,-10.233264889794995
733,-28.727769884607373
734,-30.632007337262117
735,-9.667649377668644
736,-29.399863655969483
737,-30.632007337262117
738,-29.744704142261213
739,-28.99439854786132
740,-5.597512309222282
741,-30.09301083652943
742,-29.744704142261213
743,-9.69436342925031
744,-30.498475944637594
745,-31.47930519764932
746,-29.93886015670217
747,-29.533395048594006
748,-9.298882227339579
749,-30.786158017089374
750,-29.744704142261213
751,-29.93886015670217
752,-31.191623125197538
753,-30.96847957388333
754,-29.869867285215218
0,-10.978121106348995
1,-29.486875032959112
2,-27.841719037922935
3,-10.282842326016635
4,-27.914478392205364
5,-28.301251367301376
6,-28.940331326591043
7,-29.63347850715099
8,-4.254040507405281
9,-29.05155696170127
10,-28.99439854786132
11,-4.129705643651035
12,-29.176720104655274
13,-29.05155696170127
14,-28.727769884607373
15,-28.51747447577101
16,-13.839934037059018
17,-28.646091853593102
18,-28.816717370623866
19,-14.653805644535522
20,-5.823997032028764
21,-27.341475523487482
22,-28.419034402957756
23,-10.795832707379475
24,-27.7987939932059
25,-28.159076878520832
26,-28.816717370623866
27,-29.687545728421266
28,-10.391304508730501
29,-28.02404059471689
30,-28.147100687474115
31,-28.727769884607373
32,-29.05155696170127
33,-29.533395048594006
34,-29.744704142261213
35,-3.163681481800096
36,-11.641593021983217
37,-28.70671647540954
38,-28.864345419613123
39,-10.955099249433319
40,-28.79372785239917
41,-28.77125499654711
42,-28.966999573673206
43,-28.55256579558228
44,-4.681369833454957
45,-29.08140992485095
46,-29.687545728421266
47,-5.325662988243608
48,-28.57058430108496
49,-29.022569424828017
50,-11.32443516660319
51,-30.012968128855892
52,-29.210621656330954
53,-30.632007337262117
54,-29.869867285215218
55,-10.923091729549364
56,-30.012968128855892
57,-29.143930281832283
58,-29.176720104655274
59,-29.93886015670217
60,-28.467043622144118
61,-30.96847957388333
62,-4.062232407138698
63,-11.19346288563117
64,-30.09301083652943
65,-30.786158017089374
66,-10.50076189246367
67,-30.18002221351906
68,-30.09301083652943
69,-29.687545728421266
70,-30.96847957388333
71,-10.675840464612033
72,-27.567282192221175
73,-27.859418615022335
74,-28.34381098172017
75,-31.191623125197538
76,-10.49239920284137
77,-27.790425743535383
78,-28.123570190063923
79,-28.467043622144118
80,-28.966999573673206
81,-29.399863655969483
82,-30.012968128855892
83,-10.20837199533228
84,-28.112009367662846
85,-28.53486621848288
86,-28.467043622144118
87,-28.816717370623866
88,-28.889038032203494
89,-29.63347850715099
90,-30.09301083652943
91,-30.498475944637594
92,-2.7577288257945103
93,-28.727769884607373
94,-28.889038032203494
95,-10.614316642774728
96,-29.399863655969483
97,-29.44242327038828
98,-29.533395048594006
99,-29.582185212763438
100,-10.209275090801114
101,-29.687545728421266
102,-30.012968128855892
103,-29.210621656330954
104,-31.47930519764932
105,-29.63347850715099
106,-30.18002221351906
107,-1.9605192502151962
108,-26.6272749337297
109,-26.686273274491658
110,-5.401247477584822
111,-5.4399539038353035
112,-27.04452799758991
113,-27.1098573451823
114,-8.868383669840734
115,-27.29471375757944
116,-27.38496063542722
117,-6.840202191361412
118,-7.005105358263738
119,-28.665894480889282
120,-28.34381098172017
121,-8.415817542344433
122,-27.62209042871617
123,-27.71810508195576
124,-27.68007768636652
125,-27.636275063708126
126,-8.944597104529176
127,-27.24519869305206
128,-27.4017677537436
129,-27.35217081260423
130,-27.346808869462844
131,-5.7926528002554205
132,-26.89774487730036
133,-26.928943248156223
134,-7.642979397502351
135,-27.52167168096912
136,-27.528061479067894
137,-27.465929697960885
138,-27.47197201241685
139,-6.772870259295535
140,-27.773896441584174
141,-27.567282192221175
142,-27.560637649502507
143,-27.57397118037197
144,-27.594310864609092
145,-27.70272016311628
146,-5.492240789624247
147,-4.969175152117495
148,-28.77125499654711
149,-28.914355840187785
150,-5.833644859452288
151,-10.964407010308488
152,-29.2820806203131
153,-29.143930281832283
154,-6.484149479736819
155,-28.77125499654711
156,-29.31982094829595
157,-30.498475944637594
158,-28.626673767736
159,-5.988701909466
160,-27.407433491279278
161,-27.32042211428965
162,-9.742447602378409
163,-28.260429372781118
164,-28.388262744291005
165,-28.159076878520832
166,-28.183468331644992
167,-9.625021768183517
168,-27.672642707879
169,-27.567282192221175
170,-27.62209042871617
171,-27.60810418674143
172,-27.60810418674143
173,-27.601183743896854
174,-5.429650393743477
175,-26.711449429384132
176,-26.841345188838236
177,-6.853564255430827
178,-27.052464547185647
179,-27.17524010444515
180,-27.11833197217327
181,-27.11408568129182
182,-4.916368434329645
183,-26.601566577019497
184,-26.609209926332063
185,-7.745733573817504
186,-27.148571857362988
187,-27.25979749247321
188,-27.221331211645417
189,-27.27960011976939
190,-7.384417018136115
191,-26.611770747193738
192,-26.686273274491658
193,-8.90566255579885
194,-27.056456568455182
195,-27.11833197217327
196,-27.179754784799677
197,-27.17074571485731
198,-7.001455531861945
199,-9.57913936491011
200,-9.481072328540357
201,-27.4017677537436
202,-27.502743671083604
203,-8.80326544173107
204,-27.42462589181965
205,-27.436253929814768
206,-27.42462589181965
207,-27.448018771394356
208,-9.334262157081932
209,-27.914478392205364
210,-27.782126940720687
211,-11.46674963203408
212,-27.587484899538694
213,-27.594310864609092
214,-27.430423009503976
215,-27.496513121332967
216,-27.547479564924995
217,-27.60810418674143
218,-6.992992749382553
219,-27.650663801160224
220,-27.580705212553315
221,-27.687568358095675
222,-27.62915759593926
223,-6.8822034260838665
224,-30.786158017089374
225,-30.012968128855892
226,-29.533395048594006
227,-29.533395048594006
228,-9.789289421461756
229,-27.534492369398183
230,-27.534492369398183
231,-27.60810418674143
232,-27.42462589181965
233,-27.547479564924995
234,-27.547479564924995
235,-6.8637235091610735
236,-26.828524500409177
237,-26.936010415379315
238,-7.5963794210533235
239,-8.734192628819887
240,-27.45395350691417
241,-27.73373039985884
242,-27.64344355318674
243,-27.5409648839038
244,-8.944421977798497
245,-27.580705212553315
246,-27.62915759593926
247,-7.327141762446905
248,-27.547479564924995
249,-27.47197201241685
250,-8.404679490483206
251,-27.757635920712392
252,-27.636275063708126
253,-27.773896441584174
254,-27.73373039985884
255,-27.672642707879
256,-27.64344355318674
257,-12.215505607524236
258,-27.70272016311628
259,-27.68007768636652
260,-27.695115563731058
261,-27.636275063708126
262,-7.5675640516809795
263,-27.790425743535383
264,-27.90508865185552
265,-27.790425743535383
266,-27.815743551519674
267,-7.345065873484943
268,-27.868387285005095
269,-27.74960374901513
270,-27.933526587176058
271,-27.83298535795418
272,-27.868387285005095
273,-27.850529667605088
274,-7.208002075073328
275,-27.7987939932059
276,-27.695115563731058
277,-27.773896441584174
278,-27.636275063708126
279,-27.74960374901513
280,-27.695115563731058
281,-27.765733130945012
282,-27.773896441584174
283,-4.1269286586642275
284,-27.66526260058138
285,-27.5409648839038
286,-10.584984738384977
287,-28.588933439753156
288,-28.840247868034062
289,-28.260429372781118
290,-28.195890851643547
291,-10.22352714835197
292,-27.824327295211067
293,-27.773896441584174
294,-27.815743551519674
295,-27.815743551519674
296,-27.933526587176058
297,-27.923957136159906
298,-6.362093181419081
299,-11.163008382121996
300,-27.73373039985884
301,-27.757635920712392
302,-10.467318957503123
303,-27.74163557936595
304,-27.74960374901513
305,-27.615072856057523
306,-27.95294467303316
307,-10.057444783187618
308,-27.859418615022335
309,-27.71038303586185
310,-27.74960374901513
311,-27.66526260058138
312,-27.773896441584174
313,-27.71810508195576
314,-9.762516379658035
315,-27.615072856057523
316,-27.7987939932059
317,-27.773896441584174
318,-27.687568358095675
319,-27.73373039985884
320,-27.66526260058138
321,-27.74163557936595
322,-27.83298535795418
323,-5.275700234835968
324,-27.211941471295578
325,-27.25979749247321
326,-5.236192478180527
327,-6.0076401414572285
328,-28.27385239311326
329,-28.221208659627838
330,-7.083509769809858
331,-27.765733130945012
332,-27.807232861851766
333,-7.08228078387531
334,-28.183468331644992
335,-28.27385239311326
336,-28.315237609276114
337,-28.53486621848288
338,-8.29090455185666
339,-6.972949909741306
340,-28.57058430108496
341,-28.403530216421792
342,-28.403530216421792
343,-28.315237609276114
344,-11.621271017825125
345,-28.045317993164172
346,-28.135266229827113
347,-6.031235156428669
348,-27.74960374901513
349,-27.773896441584174
350,-7.654131443118509
351,-28.57058430108496
352,-28.467043622144118
353,-28.646091853593102
354,-28.4347827599259
355,-6.956339397431186
356,-28.403530216421792
357,-28.53486621848288
358,-28.77125499654711
359,-28.665894480889282
360,-28.32942224426807
361,-28.195890851643547
362,-5.475198171872095
363,-28.2471841460311
364,-28.588933439753156
365,-28.358409781141322
366,-28.32942224426807
367,-5.222972559718591
368,-28.02404059471689
369,-27.97274730032934
370,-6.025278898004247
371,-28.234112064463744
372,-28.260429372781118
373,-28.234112064463744
374,-28.078107815987163
375,-7.640279869583191
376,-28.32942224426807
377,-28.55256579558228
378,-28.403530216421792
379,-28.467043622144118
380,-7.576296072085286
381,-28.013569294849592
382,-28.112009367662846
383,-7.770029398458185
384,-28.20846963385041
385,-28.234112064463744
386,-28.358409781141322
387,-28.221208659627838
388,-28.2471841460311
389,-28.171198239053176
390,-8.427543153078275
391,-6.771589753539551
392,-27.95294467303316
393,-27.859418615022335
394,-8.583401451101823
395,-28.727769884607373
396,-28.889038032203494
397,-29.05155696170127
398,-28.70671647540954
399,-28.77125499654711
400,-28.626673767736
401,-8.702832508069068
402,-28.32942224426807
403,-28.665894480889282
404,-28.51747447577101
405,-28.6860971882068
406,-6.316821327596965
407,-28.08928111658529
408,-28.147100687474115
409,-28.056128909268388
410,-27.97274730032934
411,-7.4679093984753235
412,-28.373224866926464
413,-28.34381098172017
414,-28.34381098172017
415,-28.45078310127234
416,-28.315237609276114
417,-28.20846963385041
418,-7.051497815507253
419,-28.48357292409533
420,-28.45078310127234
421,-28.626673767736
422,-28.48357292409533
423,-28.403530216421792
424,-28.373224866926464
425,-28.50038004241171
426,-28.53486621848288
427,-8.517208005598269
428,-28.665894480889282
429,-28.53486621848288
430,-28.403530216421792
431,-28.301251367301376
432,-28.45078310127234
433,-28.50038004241171
434,-12.433986647241946
435,-29.582185212763438
436,-29.744704142261213
437,-29.022569424828017
438,-29.210621656330954
439,-11.895395409451668
440,-27.636275063708126
441,-27.66526260058138
442,-5.104983970723401
443,-27.57397118037197
444,-27.490321151085045
445,-27.554036965471152
446,-27.580705212553315
447,-27.534492369398183
448,-27.560637649502507
449,-5.246390910242151
450,-27.216625320608003
451,-27.24037940661611
452,-27.27960011976939
453,-27.289650455622894
454,-5.798244679497679
455,-27.560637649502507
456,-27.547479564924995
457,-27.547479564924995
458,-27.52167168096912
459,-27.64344355318674
460,-27.66526260058138
461,-7.687685666770746
462,-27.315227297412545
463,-27.289650455622894
464,-27.357561661239103
465,-27.407433491279278
466,-7.356348129115545
467,-26.815866103537253
468,-26.812726383532585
469,-8.19060779982782
470,-27.594310864609092
471,-27.62915759593926
472,-27.554036965471152
473,-27.57397118037197
474,-27.554036965471152
475,-27.636275063708126
476,-6.3021526844758835
477,-27.390531680476673
478,-27.29980282708691
479,-27.341475523487482
480,-27.430423009503976
481,-9.463170400973615
482,-27.859418615022335
483,-27.66526260058138
484,-27.807232861851766
485,-27.757635920712392
486,-27.765733130945012
487,-27.90508865185552
488,-27.66526260058138
489,-27.7987939932059
490,-8.87838456562664
491,-27.89578625919321
492,-27.96279696947617
493,-27.886569604088287
494,-28.02404059471689
495,-27.992950007646858
496,-27.95294467303316
497,-28.10058067183922
498,-27.877437120525013
499,-9.449513748383936
500,-27.96279696947617
501,-27.89578625919321
502,-28.034622704047425
503,-28.003206507814046
504,-28.112009367662846
505,-27.97274730032934
506,-9.674720570422702
507,-11.68615468254777
508,-28.32942224426807
509,-28.816717370623866
510,-10.501770071807202
511,-28.45078310127234
512,-28.4347827599259
513,-28.32942224426807
514,-28.749276089828335
515,-9.538742527797687
516,-28.20846963385041
517,-28.55256579558228
518,-28.403530216421792
519,-28.50038004241171
520,-28.4347827599259
521,-28.419034402957756
522,-28.403530216421792
523,-28.260429372781118
524,-10.662115880710378
525,-28.045317993164172
526,-28.02404059471689
527,-28.135266229827113
528,-27.992950007646858
529,-28.147100687474115
530,-28.013569294849592
531,-5.927838133270939
532,-27.496513121332967
533,-27.515322453290462
534,-27.534492369398183
535,-27.528061479067894
536,-27.587484899538694
537,-27.502743671083604
538,-7.4248699667661935
539,-27.73373039985884
540,-27.790425743535383
541,-27.74960374901513
542,-27.807232861851766
543,-27.74960374901513
544,-27.71038303586185
545,-27.824327295211067
546,-27.7987939932059
547,-7.010263334317739
548,-28.045317993164172
549,-27.914478392205364
550,-27.841719037922935
551,-27.914478392205364
552,-27.850529667605088
553,-27.89578625919321
554,-27.933526587176058
555,-27.877437120525013
556,-27.933526587176058
557,-28.034622704047425
558,-4.073720370385561
559,-26.784903877933285
560,-26.80336594077302
561,-10.797491547850054
562,-27.310059327254102
563,-27.509013284097197
564,-27.448018771394356
565,-27.528061479067894
566,-10.370911138301537
567,-27.773896441584174
568,-27.695115563731058
569,-27.672642707879
570,-27.71810508195576
571,-27.815743551519674
572,-27.70272016311628
573,-10.048741235389878
574,-27.773896441584174
575,-27.914478392205364
576,-27.841719037922935
577,-27.773896441584174
578,-27.90508865185552
579,-27.807232861851766
580,-27.790425743535383
581,-27.96279696947617
582,-9.771576922458943
583,-27.933526587176058
584,-27.886569604088287
585,-27.90508865185552
586,-27.943188498087792
587,-27.841719037922935
588,-27.95294467303316
589,-27.877437120525013
590,-27.90508865185552
591,-27.943188498087792
592,-27.943188498087792
593,-3.9052648177298903
594,-26.504872952217024
595,-28.50038004241171
596,-9.955164512451509
597,-27.068529149689454
598,-27.35217081260423
599,-28.27385239311326
600,-28.77125499654711
601,-9.549319823304439
602,-26.675284152916063
603,-27.24519869305206
604,-27.943188498087792
605,-28.940331326591043
606,-31.191623125197538
607,-29.687545728421266
608,-4.121541110960029
609,-10.70807088418506
610,-29.582185212763438
611,-27.11833197217327
612,-10.014542682576607
613,-27.230809955599963
614,-27.52167168096912
615,-28.183468331644992
616,-30.498475944637594
617,-3.958198165966165
618,-26.686273274491658
619,-28.20846963385041
620,-10.609979376462823
621,-27.19802013277697
622,-27.502743671083604
623,-28.171198239053176
624,-30.275332393323385
625,-10.204673676044214
626,-27.06448874015245
627,-27.430423009503976
628,-27.98279763618284
629,-28.53486621848288
630,-29.869867285215218
631,-30.38069290898121
632,-6.0542214661797695
633,-26.451048302203244
634,-27.38496063542722
635,-30.275332393323385
636,-29.399863655969483
637,-9.917795897936939
638,-26.847817703343853
639,-27.289650455622894
640,-27.807232861851766
641,-29.176720104655274
642,-29.210621656330954
643,-29.93886015670217
644,-9.630234915664447
645,-26.82217527273052
646,-27.211941471295578
647,-27.64344355318674
648,-28.53486621848288
649,-30.09301083652943
650,-28.966999573673206
651,-29.533395048594006
652,-30.786158017089374
653,-4.559806802336501
654,-11.30703038209608
655,-29.2820806203131
656,-27.914478392205364
657,-10.597903272604643
658,-27.89578625919321
659,-28.2471841460311
660,-28.55256579558228
661,-29.533395048594006
662,-4.430397385255285
663,-28.665894480889282
664,-30.632007337262117
665,-4.3069266028385
666,-29.2820806203131
667,-30.275332393323385
668,-9.221422167792241
669,-11.9175777910912
670,-28.013569294849592
671,-29.486875032959112
672,-11.378508240332623
673,-29.93886015670217
674,-29.143930281832283
675,-28.966999573673206
676,-27.74960374901513
677,-9.479974704414131
678,-5.122879987092016
679,-29.63347850715099
680,-30.09301083652943
681,-6.525618259633549
682,-30.96847957388333
683,-29.687545728421266
684,-7.8079193594504295
685,-27.74960374901513
686,-28.034622704047425
687,-10.995130816935953
688,-28.32942224426807
689,-28.55256579558228
690,-28.403530216421792
691,-28.315237609276114
692,-10.58417193480083
693,-28.51747447577101
694,-28.419034402957756
695,-28.388262744291005
696,-28.665894480889282
697,-28.749276089828335
698,-29.63347850715099
699,-6.430673365808454
700,-12.584049932744898
701,-28.99439854786132
702,-29.245712976142226
703,-8.98712123083362
704,-28.864345419613123
705,-29.143930281832283
706,-28.816717370623866
707,-28.4347827599259
708,-6.967614536113911
709,-11.561063725840244
710,-29.869867285215218
711,-29.869867285215218
712,-6.542672185146774
713,-28.373224866926464
714,-29.533395048594006
715,-29.869867285215218
716,-29.63347850715099
717,-6.109534301342609
718,-28.034622704047425
719,-27.7987939932059
720,-10.787553876031863
721,-28.467043622144118
722,-28.646091853593102
723,-28.48357292409533
724,-28.147100687474115
725,-10.380989746258283
726,-29.2820806203131
727,-28.70671647540954
728,-28.55256579558228
729,-28.34381098172017
730,-28.32942224426807
731,-30.275332393323385
732,-4.534599233857135
733,-27.534492369398183
734,-27.534492369398183
735,-27.83298535795418
736,-29.399863655969483
737,-10.150204739028762
738,-27.933526587176058
739,-27.824327295211067
740,-27.943188498087792
741,-28.388262744291005
742,-28.626673767736
743,-30.18002221351906
744,-9.86264883125308
745,-28.419034402957756
746,-28.183468331644992
747,-28.045317993164172
748,-28.135266229827113
749,-28.48357292409533
750,-29.05155696170127
751,-28.99439854786132
752,-30.786158017089374
753,-5.524259153784406
754,-13.228567528992897
755,-29.399863655969483
756,-31.47930519764932
757,-12.533057702204182
758,-30.38069290898121
760,-29.245712976142226
761,-30.275332393323385
762,-5.849857048755644
763,-31.191623125197538
764,-29.687545728421266
765,-29.31982094829595
766,-29.744704142261213
767,-4.819817150029182
768,-26.656339066673613
769,-27.139838177394235
770,-27.923957136159906
771,-29.63347850715099
772,-30.275332393323385
773,-29.44242327038828
774,-9.791500115579668
775,-26.96844569113247
776,-27.27960011976939
777,-27.64344355318674
778,-28.056128909268388
779,-29.687545728421266
780,-29.744704142261213
781,-30.18002221351906
782,-30.38069290898121
783,-9.568384734887973
784,-27.03274004183787
785,-27.310059327254102
786,-27.580705212553315
787,-28.013569294849592
788,-28.626673767736
789,-30.786158017089374
790,-30.09301083652943
791,-29.2820806203131
792,-29.022569424828017
793,-30.96847957388333
794,-4.391346657074206
795,-11.186555785640618
796,-29.744704142261213
797,-29.05155696170127
798,-10.484117007569532
799,-29.869867285215218
800,-29.399863655969483
801,-29.399863655969483
802,-29.869867285215218
803,-4.234400500343505
804,-29.112181583517703
805,-28.10058067183922
806,-11.031643663933878
807,-29.869867285215218
808,-29.112181583517703
809,-28.816717370623866
810,-28.221208659627838
811,-10.623182515909628
812,-29.2820806203131
813,-29.08140992485095
814,-29.533395048594006
815,-29.05155696170127
816,-28.940331326591043
817,-28.260429372781118
818,-4.043332811889391
819,-28.045317993164172
820,-28.08928111658529
821,-28.419034402957756
822,-30.012968128855892
823,-10.825619956294412
824,-28.626673767736
825,-28.403530216421792
826,-28.50038004241171
827,-28.6860971882068
828,-29.176720104655274
829,-29.143930281832283
830,-10.526731052477313
831,-28.48357292409533
832,-28.48357292409533
833,-28.403530216421792
834,-28.588933439753156
835,-28.816717370623866
836,-29.533395048594006
837,-29.022569424828017
838,-30.18002221351906
0,-27.657936560489304
1,-28.45078310127234
2,-3.594807155013395
3,-9.341331667462336
4,-24.23103823257087
5,-24.860121275303847
6,-8.668511585576505
7,-24.814896177298913
8,-24.597893894006784
9,-24.385070351724565
10,-24.218080105677398
11,-2.4539664110994965
12,-23.67044050878869
13,-23.92689294726767
14,-8.801114291374702
15,-24.223243224398967
16,-24.325992772516074
17,-24.43033975011566
18,-24.551747291371004
19,-8.396126704429191
20,-24.347073922119193
21,-24.44198471431254
22,-24.54523261034981
23,-24.655293912100145
24,-24.776526166025942
25,-24.895895975490554
26,-2.273266230980545
27,-28.48357292409533
28,-28.79372785239917
29,-28.79372785239917
30,-30.09301083652943
31,-10.765981130059393
32,-29.2820806203131
33,-28.50038004241171
34,-11.09927677777345
35,-6.806873282730479
36,-27.97274730032934
37,-28.646091853593102
38,-6.688421707802183
39,-28.77125499654711
40,-28.99439854786132
41,-9.890548801873253
42,-31.191623125197538
43,-30.786158017089374
44,-29.2820806203131
45,-30.275332393323385
46,-9.55459585986994
47,-28.966999573673206
48,-29.63347850715099
49,-29.399863655969483
50,-29.176720104655274
51,-29.143930281832283
52,-31.191623125197538
53,-6.4261289336887755
54,-11.546010104320809
55,-29.533395048594006
56,-28.57058430108496
57,-11.003916636765084
58,-28.48357292409533
59,-28.70671647540954
60,-29.08140992485095
61,-29.486875032959112
62,-5.596218237145794
63,-28.816717370623866
64,-28.864345419613123
65,-9.732984558774387
66,-31.47930519764932
67,-29.143930281832283
68,-29.869867285215218
69,-30.09301083652943
70,-9.33647200511915
71,-29.245712976142226
72,-29.399863655969483
73,-28.99439854786132
74,-29.869867285215218
75,-29.31982094829595
76,-29.805328764077647
77,-6.772254152990551
78,-29.08140992485095
79,-28.79372785239917
80,-28.966999573673206
81,-29.869867285215218
82,-9.40445452447772
83,-30.38069290898121
84,-30.498475944637594
85,-30.498475944637594
86,-30.18002221351906
87,-30.786158017089374
88,-29.93886015670217
89,-9.144418903686274
90,-29.805328764077647
91,-29.210621656330954
92,-29.210621656330954
93,-29.31982094829595
94,-29.805328764077647
95,-29.687545728421266
96,-29.245712976142226
97,-29.687545728421266
98,-3.7115831796999426
99,-30.012968128855892
100,-29.486875032959112
101,-6.794981613416892
102,-6.630976774927812
103,-30.632007337262117
104,-29.93886015670217
105,-29.869867285215218
106,-29.63347850715099
107,-6.36539970597417
108,-29.93886015670217
109,-29.05155696170127
110,-5.583038133020822
111,-31.191623125197538
112,-29.63347850715099
113,-30.38069290898121
114,-32.57791748631743
115,-6.637281681303365
116,-29.582185212763438
117,-29.93886015670217
118,-29.744704142261213
119,-31.191623125197538
120,-30.275332393323385
121,-31.884770305757485
122,-4.972996054833795
123,-27.534492369398183
124,-28.32942224426807
125,-28.10058067183922
126,-27.459923673900676
127,-9.359181299206135
128,-27.60810418674143
129,-27.615072856057523
130,-10.064894729072972
131,-5.608617567515343
132,-29.35904166144923
133,-28.966999573673206
134,-28.99439854786132
135,-27.943188498087792
136,-11.526115761705267
137,-28.221208659627838
138,-28.77125499654711
139,-11.88589139954426
140,-11.158583082219348
141,-28.373224866926464
142,-27.850529667605088
143,-6.643227142690589
144,-29.533395048594006
145,-28.940331326591043
146,-29.35904166144923
147,-29.31982094829595
148,-29.08140992485095
149,-28.626673767736
150,-10.677217864558568
151,-29.35904166144923
152,-29.486875032959112
153,-29.869867285215218
154,-29.533395048594006
155,-11.130049084180621
156,-28.646091853593102
157,-29.245712976142226
158,-5.809319861052966
159,-27.859418615022335
160,-28.77125499654711
161,-29.210621656330954
162,-27.615072856057523
163,-9.991121570279166
164,-28.078107815987163
165,-28.013569294849592
166,-10.68495584143269
167,-6.04321872441779
168,-29.08140992485095
169,-29.399863655969483
170,-29.210621656330954
171,-28.840247868034062
172,-29.399863655969483
173,-28.99439854786132
174,-10.433999135658512
175,-29.399863655969483
176,-29.31982094829595
177,-30.09301083652943
178,-30.09301083652943
179,-10.86329392115388
180,-28.6860971882068
181,-28.53486621848288
182,-8.947838200137298
183,-28.646091853593102
184,-30.012968128855892
185,-29.210621656330954
186,-29.31982094829595
187,-30.632007337262117
188,-30.275332393323385
189,-11.06020622331138
190,-28.607625572765308
191,-29.245712976142226
192,-29.744704142261213
193,-29.533395048594006
194,-11.036248670149739
195,-28.358409781141322
196,-28.816717370623866
197,-6.81818775041841
198,-29.44242327038828
199,-29.582185212763438
200,-29.486875032959112
201,-29.176720104655274
202,-29.35904166144923
203,-29.63347850715099
204,-29.31982094829595
205,-28.889038032203494
206,-10.27013472192228
207,-30.18002221351906
208,-29.2820806203131
209,-29.399863655969483
210,-29.399863655969483
211,-30.09301083652943
212,-31.47930519764932
213,-10.56882484122082
214,-28.840247868034062
215,-28.99439854786132
216,-29.31982094829595
217,-29.143930281832283
218,-11.864474707013764
219,-28.607625572765308
220,-29.08140992485095
221,-28.77125499654711
222,-29.687545728421266
223,-6.703296129614226
224,-11.03373335999947
225,-29.805328764077647
226,-29.245712976142226
227,-10.361733841601481
228,-29.022569424828017
229,-30.786158017089374
230,-29.399863655969483
231,-29.143930281832283
232,-9.9915132423111
233,-30.632007337262117
234,-28.914355840187785
235,-29.245712976142226
236,-31.47930519764932
237,-29.687545728421266
238,-29.533395048594006
239,-9.752012255723443
240,-29.05155696170127
241,-31.191623125197538
242,-29.022569424828017
243,-29.582185212763438
244,-29.805328764077647
245,-29.869867285215218
246,-30.275332393323385
247,-29.63347850715099
248,-6.480998256173738
249,-28.48357292409533
250,-28.467043622144118
251,-11.464055378582135
252,-28.99439854786132
253,-29.08140992485095
254,-29.582185212763438
255,-30.012968128855892
256,-11.128781249980273
257,-28.70671647540954
258,-29.533395048594006
259,-30.275332393323385
260,-29.35904166144923
261,-31.884770305757485
262,-29.022569424828017
263,-5.585156776405571
264,-10.907268626407875
265,-30.18002221351906
266,-29.05155696170127
267,-10.219606346785591
268,-29.869867285215218
269,-29.744704142261213
270,-30.012968128855892
271,-29.112181583517703
272,-9.82301810200987
273,-30.012968128855892
274,-29.176720104655274
275,-30.498475944637594
276,-30.632007337262117
277,-29.399863655969483
278,-29.143930281832283
279,-9.547236360876008
280,-28.966999573673206
281,-29.805328764077647
282,-29.744704142261213
283,-29.399863655969483
284,-29.805328764077647
285,-29.869867285215218
286,-30.275332393323385
287,-29.533395048594006
288,-6.806126660334629
289,-28.749276089828335
290,-29.31982094829595
291,-10.274630238537679
292,-30.632007337262117
293,-30.38069290898121
294,-29.744704142261213
295,-30.498475944637594
296,-9.887935530877375
297,-31.884770305757485
298,-29.744704142261213
299,-31.47930519764932
300,-29.486875032959112
301,-30.18002221351906
302,-29.687545728421266
303,-9.625901937194781
304,-30.632007337262117
305,-30.012968128855892
306,-30.498475944637594
307,-29.533395048594006
308,-30.18002221351906
309,-29.687545728421266
310,-30.09301083652943
311,-29.687545728421266
312,-9.434743440778718
313,-28.6860971882068
314,-30.09301083652943
315,-29.2820806203131
316,-31.191623125197538
317,-29.869867285215218
318,-29.486875032959112
319,-29.582185212763438
320,-31.191623125197538
321,-31.191623125197538
322,-29.744704142261213
323,-4.95947912431097
324,-8.844303685193605
325,-25.64157475048338
326,-25.57394334959475
327,-8.149328270106105
328,-25.57940784406683
329,-25.58123599814089
330,-25.63576078061796
331,-25.65823363647002
332,-3.823727073752584
333,-25.914784790326628
334,-26.569104300874834
335,-9.639074811807838
336,-26.194410851433425
337,-28.20846963385041
338,-26.754871590834412
339,-27.157382487045144
340,-9.246066234390423
341,-25.961852301184614
342,-28.70671647540954
343,-26.540046566395294
344,-27.62915759593926
345,-26.635118111190728
346,-26.904594219145938
347,-3.60315431765178
348,-28.32942224426807
349,-28.48357292409533
350,-28.315237609276114
351,-28.373224866926464
352,-10.483781702011994
353,-28.358409781141322
354,-28.301251367301376
355,-10.79727497964284
356,-6.856904689860591
357,-27.695115563731058
358,-27.725887222397812
359,-6.700330145995323
360,-28.388262744291005
361,-28.4347827599259
362,-9.70286212253136
363,-29.582185212763438
364,-29.2820806203131
365,-29.176720104655274
366,-29.210621656330954
367,-9.385702457522353
368,-28.77125499654711
369,-28.889038032203494
370,-28.665894480889282
371,-28.749276089828335
372,-28.727769884607373
373,-28.57058430108496
374,-6.377271367271317
375,-11.042983768407353
376,-28.53486621848288
377,-28.315237609276114
378,-10.452454339877386
379,-28.55256579558228
380,-28.48357292409533
381,-28.234112064463744
382,-28.27385239311326
383,-5.63501689407544
384,-28.419034402957756
385,-28.32942224426807
386,-9.541340643296165
387,-29.744704142261213
388,-29.31982094829595
389,-29.31982094829595
390,-29.2820806203131
391,-9.14966905429807
392,-28.864345419613123
393,-28.889038032203494
394,-28.588933439753156
395,-28.749276089828335
396,-28.51747447577101
397,-28.816717370623866
398,-6.802337178486621
399,-28.53486621848288
400,-28.646091853593102
401,-28.607625572765308
402,-29.805328764077647
403,-9.213328159509057
404,-29.93886015670217
405,-30.012968128855892
406,-30.18002221351906
407,-29.582185212763438
408,-29.805328764077647
409,-29.93886015670217
410,-8.96389117586789
411,-29.533395048594006
412,-28.889038032203494
413,-28.914355840187785
414,-29.022569424828017
415,-28.864345419613123
416,-28.77125499654711
417,-28.914355840187785
418,-28.889038032203494
419,-4.6443859530345275
420,-28.914355840187785
421,-29.08140992485095
422,-28.665894480889282
423,-28.51747447577101
424,-28.646091853593102
425,-28.2471841460311
426,-10.714769358073275
427,-28.646091853593102
428,-28.419034402957756
429,-28.388262744291005
430,-28.315237609276114
431,-10.74543046589251
432,-28.02404059471689
433,-27.71038303586185
434,-6.850909460551344
435,-28.419034402957756
436,-28.403530216421792
437,-28.10058067183922
438,-27.943188498087792
439,-6.711852308016822
440,-10.91489759129144
441,-28.607625572765308
442,-29.08140992485095
443,-10.250572103576097
444,-29.022569424828017
445,-28.51747447577101
446,-29.533395048594006
447,-28.816717370623866
448,-9.893148752532172
449,-29.31982094829595
450,-29.2820806203131
451,-28.749276089828335
452,-29.63347850715099
453,-28.607625572765308
454,-28.55256579558228
455,-9.67088977288393
456,-29.176720104655274
457,-29.05155696170127
458,-29.112181583517703
459,-28.940331326591043
460,-29.022569424828017
461,-28.940331326591043
462,-28.626673767736
463,-28.358409781141322
464,-6.379204641191938
465,-27.95294467303316
466,-27.73373039985884
467,-10.975045049789266
468,-28.53486621848288
469,-28.57058430108496
470,-28.467043622144118
471,-28.32942224426807
472,-10.668320163277278
473,-29.210621656330954
474,-28.626673767736
475,-28.816717370623866
476,-28.373224866926464
477,-28.373224866926464
478,-28.70671647540954
479,-5.639136274025034
480,-10.79365873769293
481,-28.914355840187785
482,-29.022569424828017
483,-10.105942381314547
484,-28.6860971882068
485,-29.176720104655274
486,-29.533395048594006
487,-28.749276089828335
488,-9.70905689988549
489,-28.816717370623866
490,-29.143930281832283
491,-29.143930281832283
492,-29.143930281832283
493,-28.70671647540954
494,-28.646091853593102
495,-9.43246106568994
496,-29.35904166144923
497,-29.176720104655274
498,-29.112181583517703
499,-28.816717370623866
500,-28.70671647540954
501,-28.99439854786132
502,-28.727769884607373
503,-28.57058430108496
504,-6.8276731728263185
505,-28.28745804516904
506,-28.2471841460311
507,-10.170917028095085
508,-29.869867285215218
509,-30.632007337262117
510,-29.08140992485095
511,-30.09301083652943
512,-9.781137331653643
513,-29.143930281832283
514,-31.47930519764932
515,-29.210621656330954
516,-29.399863655969483
517,-29.44242327038828
518,-29.486875032959112
519,-9.51531915375918
520,-29.022569424828017
521,-29.687545728421266
522,-28.840247868034062
523,-29.533395048594006
524,-29.31982094829595
525,-29.31982094829595
526,-29.399863655969483
527,-29.05155696170127
528,-9.320130072132283
529,-29.486875032959112
530,-30.18002221351906
531,-29.63347850715099
532,-28.727769884607373
533,-29.245712976142226
534,-29.2820806203131
535,-29.210621656330954
536,-28.966999573673206
537,-28.77125499654711
538,-28.48357292409533
539,-4.321272194470167
540,-28.171198239053176
541,-28.588933439753156
542,-28.221208659627838
543,-28.48357292409533
544,-9.69559660584406
545,-28.467043622144118
546,-29.08140992485095
547,-28.727769884607373
548,-28.6860971882068
549,-28.626673767736
550,-28.626673767736
551,-9.355740396676147
552,-28.34381098172017
553,-29.869867285215218
554,-28.966999573673206
555,-28.77125499654711
556,-29.05155696170127
557,-28.889038032203494
558,-29.112181583517703
559,-29.176720104655274
560,-5.999337867989081
561,-28.27385239311326
562,-29.143930281832283
563,-28.864345419613123
564,-28.55256579558228
565,-28.48357292409533
566,-28.816717370623866
567,-7.132593102566527
568,-28.403530216421792
569,-29.35904166144923
570,-29.31982094829595
571,-28.914355840187785
572,-28.966999573673206
573,-28.79372785239917
574,-28.966999573673206
575,-29.143930281832283
576,-11.343257043506046
577,-28.588933439753156
578,-28.966999573673206
579,-28.77125499654711
580,-28.626673767736
581,-28.940331326591043
582,-28.864345419613123
583,-10.987790373069506
584,-28.373224866926464
585,-28.419034402957756
586,-28.183468331644992
587,-28.57058430108496
588,-7.91077041947775
589,-27.97274730032934
590,-27.992950007646858
591,-10.137040671707329
592,-28.50038004241171
593,-28.749276089828335
594,-28.665894480889282
595,-28.34381098172017
596,-9.881724563604267
597,-28.77125499654711
598,-29.08140992485095
599,-28.940331326591043
600,-28.77125499654711
601,-28.99439854786132
602,-28.70671647540954
603,-9.741858160833063
604,-28.646091853593102
605,-29.31982094829595
606,-29.05155696170127
607,-29.143930281832283
608,-29.143930281832283
609,-29.176720104655274
610,-29.143930281832283
611,-28.99439854786132
612,-9.652943889974637
613,-28.55256579558228
614,-29.582185212763438
615,-29.2820806203131
616,-29.582185212763438
617,-29.022569424828017
618,-29.245712976142226
619,-29.805328764077647
620,-28.646091853593102
621,-29.31982094829595
622,-29.35904166144923
623,-5.4616576975131395
624,-28.28745804516904
625,-28.626673767736
626,-28.234112064463744
627,-28.32942224426807
628,-9.229813400006254
629,-28.55256579558228
630,-29.399863655969483
631,-29.112181583517703
632,-28.607625572765308
633,-28.48357292409533
634,-28.626673767736
635,-8.931381504706431
636,-28.34381098172017
637,-29.869867285215218
638,-29.05155696170127
639,-28.864345419613123
640,-28.966999573673206
641,-28.79372785239917
642,-28.840247868034062
643,-29.022569424828017
644,-7.175762637095923
645,-27.89578625919321
646,-27.824327295211067
647,-10.145894578020604
648,-28.50038004241171
649,-28.840247868034062
650,-28.607625572765308
651,-28.53486621848288
652,-9.763627973928115
653,-29.245712976142226
654,-28.99439854786132
655,-28.99439854786132
656,-29.245712976142226
657,-28.727769884607373
658,-28.840247868034062
659,-9.511451401294519
660,-28.864345419613123
661,-29.022569424828017
662,-29.35904166144923
663,-29.176720104655274
664,-29.210621656330954
665,-29.176720104655274
666,-28.99439854786132
667,-29.022569424828017
668,-9.341726033980658
669,-28.467043622144118
670,-28.6860971882068
672,-29.143930281832283
673,-29.399863655969483
674,-29.022569424828017
675,-29.022569424828017
676,-29.176720104655274
677,-29.63347850715099
678,-29.63347850715099
679,-6.90883610926303
680,-10.937250063523667
681,-29.533395048594006
682,-28.665894480889282
683,-10.252145025111135
684,-29.245712976142226
685,-29.805328764077647
686,-29.143930281832283
687,-28.727769884607373
688,-9.86012429913072
689,-29.022569424828017
690,-29.869867285215218
691,-29.2820806203131
692,-29.143930281832283
693,-29.744704142261213
694,-28.77125499654711
695,-9.5913268638821
696,-29.210621656330954
697,-30.18002221351906
698,-29.176720104655274
699,-29.176720104655274
700,-29.176720104655274
701,-29.805328764077647
702,-29.399863655969483
703,-29.022569424828017
704,-9.392517020066716
705,-29.533395048594006
706,-29.869867285215218
707,-29.399863655969483
708,-29.44242327038828
709,-28.99439854786132
710,-29.399863655969483
711,-29.744704142261213
712,-29.245712976142226
713,-29.05155696170127
714,-29.805328764077647
715,-9.239913459029902
716,-28.403530216421792
717,-29.486875032959112
718,-29.687545728421266
719,-29.687545728421266
720,-29.176720104655274
721,-29.582185212763438
722,-29.176720104655274
723,-29.05155696170127
724,-29.399863655969483
725,-30.632007337262117
726,-29.176720104655274
727,-29.582185212763438
728,-2.3192344346038682
729,-28.77125499654711
730,-29.687545728421266
731,-4.545731609245254
732,-28.50038004241171
733,-29.2820806203131
734,-6.966713247006199
735,-14.695976807408764
736,-29.176720104655274
737,-29.05155696170127
738,-14.009763935697642
739,-29.486875032959112
740,-29.486875032959112
741,-28.79372785239917
742,-30.632007337262117
743,-6.256156205013499
744,-28.57058430108496
745,-29.869867285215218
746,-14.054595897661843
747,-30.18002221351906
748,-29.744704142261213
749,-29.744704142261213
750,-28.77125499654711
751,-13.64853649761777
752,-30.96847957388333
753,-29.805328764077647
754,-29.08140992485095
755,-29.112181583517703
756,-30.275332393323385
757,-30.275332393323385
758,-4.988142438073785
759,-4.058695281303842
760,-9.396563371482895
761,-27.379420455051605
762,-25.537381096101473
763,-8.718860648704208
764,-25.507193379057153
765,-25.952525118309474
766,-26.838124574138195
767,-26.986930505806573
768,-2.716309184689945
769,-25.839764991721474
770,-25.12551503509379
771,-8.809049650202853
772,-27.16627143446239
773,-25.74704325167125
774,-28.183468331644992
775,-25.302052885770898
776,-8.404454534706861
777,-26.794092303987693
778,-25.560411343376174
779,-27.4188621871029
780,-25.662194037686117
781,-28.32942224426807
782,-25.08015578569486
0,-6.445649700031485
1,-29.176720104655274
2,-30.498475944637594
3,-5.126070506372334
4,-29.744704142261213
5,-30.275332393323385
6,-29.63347850715099
7,-29.486875032959112
8,-5.7571156061687105
9,-30.632007337262117
10,-28.70671647540954
11,-4.498498492488076
12,-29.022569424828017
13,-29.112181583517703
14,-5.587994339273453
15,-4.916879562048145
16,-28.99439854786132
17,-29.399863655969483
18,-7.649118253949209
19,-7.658058823155942
20,-29.399863655969483
21,-29.93886015670217
22,-7.107903520726189
23,-29.31982094829595
24,-30.632007337262117
25,-29.869867285215218
26,-30.786158017089374
27,-5.426797322695779
28,-30.09301083652943
29,-30.38069290898121
30,-30.632007337262117
31,-30.498475944637594
32,-6.2302710709688
33,-30.96847957388333
34,-30.786158017089374
35,-29.582185212763438
36,-29.399863655969483
37,-29.805328764077647
38,-30.275332393323385
39,-4.395857798367136
40,-30.38069290898121
41,-29.93886015670217
42,-6.41797711570881
43,-30.012968128855892
44,-30.498475944637594
45,-29.805328764077647
46,-28.889038032203494
47,-7.804617761169421
48,-29.2820806203131
49,-29.31982094829595
50,-5.921336312630975
51,-31.191623125197538
52,-29.93886015670217
53,-29.805328764077647
54,-29.869867285215218
55,-7.536772968196178
56,-29.533395048594006
57,-30.38069290898121
58,-7.076417790429669
59,-6.0746386261413265
60,-6.157034306649225
61,-29.63347850715099
62,-30.18002221351906
63,-4.051133476373289
64,-29.533395048594006
65,-28.864345419613123
66,-5.512237015499026
67,-30.38069290898121
68,-29.399863655969483
69,-9.910314911478109
70,-31.47930519764932
71,-29.93886015670217
72,-30.09301083652943
73,-30.18002221351906
74,-6.495138167398955
75,-29.533395048594006
76,-30.275332393323385
77,-31.191623125197538
78,-30.498475944637594
79,-7.291471576513153
80,-30.275332393323385
81,-30.498475944637594
82,-29.744704142261213
83,-29.245712976142226
84,-6.633703835536403
85,-30.38069290898121
86,-30.96847957388333
87,-30.786158017089374
88,-30.012968128855892
89,-29.805328764077647
90,-29.210621656330954
91,-6.372631290492297
92,-7.825835226330269
93,-30.786158017089374
94,-29.533395048594006
95,-6.5335284505666085
96,-29.44242327038828
97,-29.143930281832283
98,-6.732692453942997
99,-31.191623125197538
100,-29.582185212763438
101,-29.44242327038828
102,-30.012968128855892
103,-6.130286299417436
104,-31.884770305757485
105,-31.47930519764932
106,-29.93886015670217
107,-31.884770305757485
108,-6.172219874941802
109,-29.805328764077647
110,-31.191623125197538
111,-6.096173804417772
112,-8.23671090117933
113,-29.245712976142226
114,-30.38069290898121
115,-7.067489411344702
116,-4.812959347498564
117,-31.884770305757485
118,-29.399863655969483
119,-6.785389045761597
120,-30.96847957388333
121,-30.012968128855892
122,-5.677786116628716
123,-30.632007337262117
124,-30.275332393323385
125,-29.93886015670217
126,-30.275332393323385
127,-6.786614815640063
128,-32.57791748631743
129,-30.632007337262117
130,-30.632007337262117
132,-31.47930519764932
133,-29.44242327038828
134,-6.016455140746961
135,-30.012968128855892
136,-30.275332393323385
137,-5.8541422562796654
138,-5.3218348141444025
139,-29.582185212763438
140,-30.38069290898121
141,-6.353493806164965
142,-30.786158017089374
143,-29.63347850715099
144,-30.786158017089374
145,-29.399863655969483
146,-6.532667184556133
147,-30.275332393323385
148,-30.18002221351906
149,-31.47930519764932
150,-31.884770305757485
151,-6.295384224331223
152,-5.3411931283890075
153,-29.35904166144923
154,-31.47930519764932
155,-30.09301083652943
156,-32.57791748631743
157,-8.558057380231835
158,-29.805328764077647
159,-29.744704142261213
160,-30.96847957388333
161,-30.96847957388333
162,-29.533395048594006
163,-30.38069290898121
164,-5.3716786447529365
165,-29.805328764077647
166,-30.498475944637594
167,-30.786158017089374
168,-30.786158017089374
169,-30.38069290898121
170,-31.884770305757485
171,-30.632007337262117
172,-29.869867285215218
173,-6.473354928300791
174,-30.96847957388333
175,-29.399863655969483
176,-5.052399381937653
177,-30.498475944637594
178,-30.18002221351906
179,-6.2683506715373545
180,-29.805328764077647
181,-29.533395048594006
182,-7.123763053315301
183,-29.143930281832283
184,-29.687545728421266
185,-29.805328764077647
186,-30.632007337262117
187,-6.799422228175051
188,-8.747326517838744
189,-30.96847957388333
190,-29.805328764077647
191,-7.901977726154607
192,-29.805328764077647
193,-30.786158017089374
194,-30.498475944637594
195,-30.275332393323385
196,-6.593594702422973
197,-29.44242327038828
198,-29.805328764077647
199,-30.38069290898121
200,-30.498475944637594
201,-30.275332393323385
202,-31.191623125197538
203,-6.139782376466282
204,-30.38069290898121
205,-30.275332393323385
206,-30.09301083652943
207,-30.275332393323385
208,-30.96847957388333
209,-29.44242327038828
210,-5.229284483127573
211,-6.13175002680021
212,-31.47930519764932
213,-30.09301083652943
216,-31.884770305757485
218,-7.093470279549951
219,-30.18002221351906
220,-30.498475944637594
221,-30.012968128855892
222,-31.191623125197538
223,-6.812196136049322
224,-29.63347850715099
225,-30.275332393323385
226,-6.028743130889718
227,-30.498475944637594
228,-30.09301083652943
229,-31.47930519764932
230,-29.93886015670217
231,-7.296245612231146
232,-30.012968128855892
233,-30.18002221351906
234,-6.418176724701613
235,-29.533395048594006
236,-29.210621656330954
237,-31.191623125197538
238,-30.498475944637594
239,-5.108197293225081
240,-30.18002221351906
241,-30.498475944637594
242,-12.785363649661182
243,-30.275332393323385
244,-31.47930519764932
245,-30.09301083652943
246,-30.275332393323385
247,-5.926398219148909
248,-30.275332393323385
249,-30.38069290898121
250,-30.632007337262117
251,-30.96847957388333
252,-30.18002221351906
253,-30.786158017089374
254,-6.253340508573388
255,-31.47930519764932
256,-30.498475944637594
257,-8.228201756987042
258,-5.321847146649453
259,-30.632007337262117
260,-30.96847957388333
261,-30.38069290898121
262,-30.18002221351906
263,-8.671520397264485
264,-30.632007337262117
265,-30.498475944637594
266,-30.96847957388333
267,-30.632007337262117
268,-30.09301083652943
269,-30.275332393323385
270,-6.7616176027328585
271,-30.498475944637594
272,-30.96847957388333
273,-31.884770305757485
274,-30.96847957388333
275,-30.498475944637594
276,-30.96847957388333
277,-30.786158017089374
278,-30.786158017089374
279,-5.697322468513528
280,-29.805328764077647
282,-30.786158017089374
283,-30.498475944637594
284,-30.275332393323385
285,-30.96847957388333
286,-6.280442356555998
287,-30.38069290898121
288,-30.96847957388333
289,-30.09301083652943
290,-30.632007337262117
291,-6.789393310246293
292,-29.805328764077647
293,-30.012968128855892
294,-5.874286758966198
295,-29.245712976142226
296,-31.47930519764932
297,-29.687545728421266
298,-29.805328764077647
299,-5.18704923289043
300,-29.869867285215218
301,-30.96847957388333
302,-30.38069290898121
303,-30.498475944637594
304,-6.888542547720279
305,-29.869867285215218
306,-30.38069290898121
307,-30.96847957388333
308,-30.96847957388333
309,-30.09301083652943
310,-31.191623125197538
311,-6.001292697565307
312,-30.012968128855892
313,-29.486875032959112
314,-6.428653178004681
315,-29.93886015670217
316,-30.96847957388333
317,-30.96847957388333
318,-30.498475944637594
319,-5.8154440375466585
320,-29.805328764077647
321,-29.210621656330954
322,-5.88349596741663
323,-4.331429916736154
324,-30.275332393323385
325,-29.687545728421266
326,-8.915216958954536
327,-30.786158017089374
328,-29.869867285215218
329,-29.869867285215218
330,-29.63347850715099
331,-5.22886004971649
332,-8.062398017512862
333,-30.275332393323385
334,-31.47930519764932
335,-7.355236442297822
336,-30.786158017089374
337,-30.09301083652943
338,-30.09301083652943
339,-31.191623125197538
340,-6.934245366997919
341,-30.786158017089374
342,-29.93886015670217
343,-30.786158017089374
344,-30.786158017089374
345,-30.09301083652943
346,-30.38069290898121
347,-4.344577612611376
348,-29.35904166144923
349,-29.805328764077647
350,-6.800009567440069
351,-30.38069290898121
352,-30.09301083652943
353,-30.498475944637594
354,-30.786158017089374
355,-4.6997516716844405
356,-29.582185212763438
357,-29.08140992485095
358,-7.185128200073278
359,-30.18002221351906
360,-29.93886015670217
361,-29.687545728421266
362,-30.632007337262117
363,-10.105584974212384
364,-8.096303574719991
365,-31.191623125197538
366,-28.889038032203494
367,-7.423052081269133
368,-30.18002221351906
369,-30.632007337262117
370,-29.687545728421266
371,-30.38069290898121
372,-7.0197952098998595
373,-30.632007337262117
374,-29.869867285215218
375,-29.93886015670217
376,-30.18002221351906
377,-29.93886015670217
378,-31.47930519764932
379,-5.515661413607969
380,-30.09301083652943
381,-29.143930281832283
382,-8.147063520839609
383,-31.47930519764932
384,-30.96847957388333
385,-29.869867285215218
386,-29.582185212763438
387,-7.332720409922655
388,-30.96847957388333
389,-30.38069290898121
390,-30.632007337262117
391,-29.869867285215218
392,-30.38069290898121
393,-29.582185212763438
394,-6.767637723625872
395,-30.275332393323385
396,-30.632007337262117
397,-30.786158017089374
398,-31.191623125197538
399,-30.786158017089374
400,-30.275332393323385
402,-29.143930281832283
403,-4.375908702347987
404,-29.805328764077647
405,-29.533395048594006
406,-11.363766593202534
407,-8.134583186093165
408,-29.869867285215218
409,-30.09301083652943
410,-30.18002221351906
411,-30.38069290898121
412,-6.950234098513854
413,-29.93886015670217
414,-30.09301083652943
415,-30.96847957388333
416,-29.486875032959112
417,-30.786158017089374
418,-31.191623125197538
419,-7.066579422877247
420,-30.498475944637594
421,-29.399863655969483
422,-6.644002407420482
423,-30.275332393323385
424,-30.38069290898121
425,-29.805328764077647
426,-30.786158017089374
427,-7.20293298968706
428,-8.259860782414625
429,-29.93886015670217
430,-30.632007337262117
431,-7.5001786942650535
432,-30.09301083652943
433,-30.786158017089374
434,-30.96847957388333
435,-29.93886015670217
436,-7.131981290412866
437,-29.63347850715099
438,-30.38069290898121
440,-30.498475944637594
441,-30.012968128855892
442,-30.275332393323385
443,-5.912064611030272
444,-31.47930519764932
445,-30.09301083652943
446,-30.96847957388333
447,-29.687545728421266
448,-9.874949113684025
449,-29.93886015670217
450,-29.31982094829595
451,-3.848204458606776
452,-8.742849468727796
453,-29.582185212763438
454,-30.498475944637594
455,-8.25228446626628
456,-29.399863655969483
457,-30.275332393323385
458,-30.18002221351906
459,-29.93886015670217
460,-9.615835039776384
461,-29.869867285215218
462,-31.191623125197538
463,-29.533395048594006
464,-30.96847957388333
465,-29.869867285215218
466,-29.869867285215218
467,-6.256427789196624
468,-29.744704142261213
469,-30.275332393323385
470,-10.139983244191704
471,-8.36218640863071
472,-29.582185212763438
473,-30.632007337262117
474,-30.632007337262117
475,-30.498475944637594
476,-7.332325622610908
477,-30.09301083652943
478,-30.18002221351906
479,-8.204543831636434
480,-30.09301083652943
481,-31.47930519764932
482,-30.498475944637594
483,-31.191623125197538
484,-30.275332393323385
485,-29.805328764077647
486,-12.343163733827009
487,-31.47930519764932
488,-30.38069290898121
489,-31.47930519764932
490,-29.805328764077647
491,-7.397760762416766
492,-30.786158017089374
493,-29.93886015670217
494,-30.96847957388333
495,-31.47930519764932
496,-30.786158017089374
497,-29.744704142261213
498,-6.942149140787893
499,-30.38069290898121
500,-30.96847957388333
501,-30.786158017089374
502,-32.57791748631743
503,-29.687545728421266
504,-31.191623125197538
505,-30.09301083652943
506,-30.96847957388333
507,-5.902413728398999
508,-29.35904166144923
509,-29.533395048594006
510,-8.037856791455937
511,-31.47930519764932
512,-29.93886015670217
513,-29.63347850715099
514,-30.09301083652943
515,-8.484301017391752
516,-10.10592718823908
517,-30.18002221351906
518,-30.012968128855892
519,-7.604060573787325
520,-30.012968128855892
521,-30.275332393323385
522,-30.498475944637594
523,-30.275332393323385
524,-7.917899917975328
525,-30.96847957388333
526,-30.012968128855892
527,-30.632007337262117
528,-30.498475944637594
529,-31.884770305757485
530,-31.191623125197538
531,-5.849732126203552
532,-7.250727277086658
533,-29.2820806203131
534,-30.38069290898121
535,-6.42635821789189
536,-30.18002221351906
537,-30.786158017089374
538,-29.399863655969483
539,-29.582185212763438
540,-6.6315229099216735
541,-30.275332393323385
542,-29.63347850715099
543,-7.48039342735627
544,-29.869867285215218
545,-30.09301083652943
546,-29.805328764077647
547,-29.869867285215218
548,-5.125981309705925
549,-30.275332393323385
550,-29.582185212763438
551,-5.542522611348495
552,-30.275332393323385
553,-29.31982094829595
554,-30.632007337262117
555,-30.632007337262117
556,-6.067689380968416
557,-29.93886015670217
558,-30.38069290898121
559,-30.38069290898121
560,-30.18002221351906
561,-30.38069290898121
562,-30.38069290898121
563,-7.070111670485776
564,-30.012968128855892
565,-29.744704142261213
566,-6.27832116060917
567,-7.716677002367185
568,-30.498475944637594
569,-29.93886015670217
570,-8.046963251935084
571,-30.275332393323385
572,-30.18002221351906
573,-29.744704142261213
574,-30.96847957388333
575,-6.018743167290774
576,-29.582185212763438
577,-29.582185212763438
578,-4.874027222307574
579,-29.582185212763438
580,-30.96847957388333
581,-30.96847957388333
582,-29.533395048594006
583,-5.591510124131704
584,-8.066346750193501
585,-29.805328764077647
586,-29.533395048594006
587,-6.135446935669379
588,-29.805328764077647
589,-30.275332393323385
590,-30.96847957388333
591,-30.09301083652943
592,-6.945922450533765
593,-29.399863655969483
594,-29.744704142261213
595,-30.96847957388333
596,-30.786158017089374
597,-30.498475944637594
598,-30.275332393323385
599,-5.741166695588336
600,-29.744704142261213
601,-31.884770305757485
602,-9.488431328773695
603,-29.869867285215218
604,-29.582185212763438
605,-30.498475944637594
606,-30.96847957388333
607,-7.715330306263453
608,-9.14757484539945
609,-29.486875032959112
610,-30.38069290898121
611,-6.679431581694372
612,-31.191623125197538
613,-30.275332393323385
614,-32.57791748631743
615,-30.498475944637594
616,-30.275332393323385
617,-30.09301083652943
618,-30.632007337262117
619,-32.57791748631743
620,-5.882328821805768
621,-30.38069290898121
622,-31.191623125197538
623,-29.805328764077647
624,-30.275332393323385
625,-31.884770305757485
626,-30.012968128855892
627,-9.003199706760217
628,-29.869867285215218
629,-30.96847957388333
630,-30.38069290898121
631,-29.533395048594006
632,-4.872339909300644
633,-29.687545728421266
634,-29.744704142261213
635,-5.6450066584003
636,-29.744704142261213
637,-30.38069290898121
638,-30.012968128855892
639,-30.275332393323385
640,-30.498475944637594
641,-31.884770305757485
642,-7.864810874125809
643,-9.156544757863292
644,-30.632007337262117
645,-30.18002221351906
646,-8.40443679966063
647,-30.18002221351906
648,-29.744704142261213
649,-29.63347850715099
650,-30.632007337262117
651,-5.936864397489843
652,-29.44242327038828
653,-30.498475944637594
654,-30.09301083652943
655,-30.012968128855892
656,-9.7528080679243
657,-29.93886015670217
658,-29.44242327038828
659,-5.305928602533863
660,-30.275332393323385
661,-30.96847957388333
662,-29.582185212763438
663,-30.498475944637594
664,-6.509861731535185
665,-30.18002221351906
666,-32.57791748631743
667,-29.869867285215218
668,-30.275332393323385
669,-30.09301083652943
670,-30.012968128855892
671,-7.23557257320226
672,-30.012968128855892
673,-31.884770305757485
674,-30.38069290898121
675,-30.012968128855892
676,-7.381815250463334
677,-30.632007337262117
678,-30.96847957388333
679,-6.65188630046872
680,-10.915608724058737
681,-30.96847957388333
682,-29.687545728421266
683,-6.473032212389434
684,-30.09301083652943
685,-29.63347850715099
686,-6.513195303475962
687,-30.96847957388333
688,-30.275332393323385
689,-29.582185212763438
690,-30.786158017089374
691,-6.593245085426584
692,-7.851763284241133
693,-29.486875032959112
694,-30.09301083652943
695,-4.5812525741592305
696,-31.191623125197538
697,-29.744704142261213
698,-7.818298599931206
699,-30.09301083652943
700,-30.09301083652943
701,-29.486875032959112
702,-29.399863655969483
703,-6.331030606531546
704,-30.498475944637594
705,-30.786158017089374
706,-30.38069290898121
707,-30.012968128855892
708,-29.687545728421266
709,-29.63347850715099
710,-6.051295883059254
711,-30.96847957388333
712,-29.869867285215218
713,-30.96847957388333
714,-29.93886015670217
715,-30.38069290898121
716,-30.786158017089374
717,-6.572731840510599
718,-30.498475944637594
719,-30.38069290898121
720,-30.96847957388333
721,-30.632007337262117
722,-30.38069290898121
723,-30.275332393323385
724,-31.884770305757485
725,-30.632007337262117
726,-6.4600775537287225
727,-30.09301083652943
728,-30.18002221351906
729,-29.35904166144923
730,-30.38069290898121
731,-9.32411752207362
732,-30.498475944637594
733,-30.786158017089374
734,-7.918230162116909
735,-30.38069290898121
736,-31.191623125197538
737,-30.498475944637594
738,-30.786158017089374
739,-30.18002221351906
740,-30.09301083652943
741,-8.111723464520914
742,-31.191623125197538
743,-30.632007337262117
744,-31.47930519764932
745,-30.96847957388333
746,-7.135633343639281
747,-9.713701212371593
748,-29.582185212763438
749,-29.869867285215218
750,-7.87363403118277
751,-29.687545728421266
752,-30.09301083652943
753,-30.38069290898121
754,-30.275332393323385
755,-6.528324143981605
756,-30.498475944637594
757,-30.18002221351906
758,-31.191623125197538
759,-30.09301083652943
760,-30.275332393323385
761,-30.96847957388333
762,-6.462743538582929
763,-30.09301083652943
764,-29.869867285215218
765,-7.855725945423534
766,-30.786158017089374
767,-32.57791748631743
768,-30.09301083652943
769,-29.582185212763438
770,-6.157645714379344
771,-30.275332393323385
772,-29.805328764077647
773,-29.44242327038828
774,-29.582185212763438
775,-8.584566114786368
776,-8.09267774168985
777,-29.399863655969483
778,-29.486875032959112
779,-6.023548252899785
780,-29.744704142261213
781,-29.687545728421266
0,-6.762069641531744
1,-29.08140992485095
2,-28.840247868034062
3,-5.402069625888926
4,-28.889038032203494
5,-28.889038032203494
6,-30.275332393323385
7,-28.57058430108496
8,-2.7357503226606514
9,-30.18002221351906
10,-30.275332393323385
11,-7.0355911763833054
12,-8.013260323213473
13,-29.582185212763438
14,-29.486875032959112
15,-8.207180534534457
16,-29.399863655969483
17,-29.44242327038828
18,-29.93886015670217
19,-29.63347850715099
20,-5.579292448416121
21,-28.940331326591043
22,-28.57058430108496
23,-7.882177977340475
24,-29.05155696170127
25,-29.210621656330954
26,-29.63347850715099
27,-29.245712976142226
28,-7.54523768806368
29,-28.864345419613123
30,-29.35904166144923
31,-29.869867285215218
32,-30.96847957388333
33,-29.210621656330954
34,-29.210621656330954
35,-1.7486501530875953
36,-29.687545728421266
38,-30.38069290898121
39,-30.96847957388333
40,-7.026096358277184
41,-29.399863655969483
42,-30.275332393323385
43,-7.713580672045406
44,-29.805328764077647
45,-30.18002221351906
46,-30.275332393323385
47,-29.93886015670217
48,-8.269078337973694
49,-29.05155696170127
50,-30.632007337262117
51,-30.09301083652943
52,-30.498475944637594
53,-29.869867285215218
54,-29.869867285215218
55,-5.658147367033476
56,-8.926255052388882
57,-29.869867285215218
58,-28.914355840187785
59,-8.250424985500498
60,-30.275332393323385
61,-29.245712976142226
62,-29.687545728421266
63,-30.09301083652943
64,-7.877796175637004
65,-30.275332393323385
66,-29.582185212763438
67,-31.191623125197538
68,-29.533395048594006
69,-29.582185212763438
70,-29.93886015670217
71,-7.639162091278608
72,-29.210621656330954
73,-29.744704142261213
74,-30.09301083652943
75,-29.63347850715099
76,-31.884770305757485
77,-29.805328764077647
78,-29.744704142261213
79,-29.05155696170127
80,-2.2383315260181056
81,-29.869867285215218
82,-29.210621656330954
83,-6.767254017644301
84,-29.08140992485095
85,-29.93886015670217
86,-29.93886015670217
87,-29.35904166144923
88,-10.256864793664802
89,-28.34381098172017
90,-30.632007337262117
91,-12.082229397219841
92,-5.415330235265249
93,-29.05155696170127
94,-29.08140992485095
95,-31.884770305757485
96,-30.498475944637594
97,-29.112181583517703
98,-29.245712976142226
99,-9.931347241441426
100,-29.143930281832283
101,-29.399863655969483
102,-28.840247868034062
103,-29.687545728421266
104,-10.37880389380231
105,-28.260429372781118
106,-29.176720104655274
107,-1.8074074963710047
108,-31.191623125197538
109,-30.09301083652943
110,-7.202915981900258
111,-7.172484426644648
112,-29.93886015670217
113,-29.143930281832283
114,-8.415323392732756
115,-29.582185212763438
116,-29.869867285215218
117,-29.44242327038828
118,-29.582185212763438
119,-7.030851013077812
120,-6.993252836462926
121,-28.914355840187785
122,-29.143930281832283
123,-6.289508865251539
124,-28.57058430108496
125,-29.35904166144923
126,-8.053503553539775
127,-28.864345419613123
128,-29.533395048594006
129,-29.63347850715099
130,-30.275332393323385
131,-7.121135137259958
132,-29.176720104655274
133,-29.399863655969483
134,-30.632007337262117
135,-29.399863655969483
136,-29.533395048594006
137,-29.245712976142226
138,-6.396309033036353
139,-28.77125499654711
140,-29.143930281832283
141,-29.93886015670217
142,-28.727769884607373
143,-2.5693740621043037
144,-30.96847957388333
145,-30.498475944637594
146,-31.884770305757485
147,-30.96847957388333
148,-7.011289765235237
149,-29.93886015670217
150,-29.582185212763438
151,-7.615431387477456
152,-30.275332393323385
153,-30.275332393323385
154,-30.012968128855892
155,-30.012968128855892
156,-8.337097525733304
157,-29.533395048594006
158,-29.744704142261213
159,-30.275332393323385
160,-30.275332393323385
161,-29.93886015670217
162,-30.18002221351906
163,-5.671176228177815
164,-8.874699973101706
165,-29.93886015670217
166,-29.176720104655274
167,-8.198575183720907
168,-30.09301083652943
169,-29.687545728421266
170,-29.486875032959112
171,-30.012968128855892
172,-7.82744657316272
173,-31.47930519764932
174,-29.31982094829595
175,-29.93886015670217
176,-29.93886015670217
177,-29.93886015670217
178,-29.533395048594006
179,-7.592317034263774
180,-29.245712976142226
181,-29.533395048594006
182,-29.93886015670217
183,-30.786158017089374
184,-30.275332393323385
185,-30.632007337262117
186,-29.399863655969483
187,-29.399863655969483
188,-3.167486737140406
189,-30.275332393323385
190,-30.632007337262117
191,-6.81549672513508
192,-29.399863655969483
193,-29.744704142261213
194,-29.93886015670217
195,-29.744704142261213
196,-8.3645158444079
197,-29.08140992485095
198,-31.884770305757485
199,-9.750052535162657
200,-5.486799371907567
201,-28.646091853593102
202,-29.399863655969483
203,-29.744704142261213
204,-31.884770305757485
205,-29.31982094829595
206,-29.210621656330954
207,-8.23245000079264
208,-28.70671647540954
209,-29.869867285215218
210,-29.35904166144923
211,-29.687545728421266
212,-8.682475046975249
213,-28.51747447577101
214,-29.176720104655274
215,-2.280054656767515
216,-30.275332393323385
217,-30.96847957388333
218,-30.498475944637594
219,-31.191623125197538
220,-6.804703780680616
221,-29.486875032959112
222,-30.09301083652943
223,-30.786158017089374
224,-30.275332393323385
225,-30.012968128855892
226,-29.44242327038828
227,-8.862020284167645
228,-30.18002221351906
229,-29.93886015670217
230,-29.31982094829595
231,-30.786158017089374
232,-10.057023908015223
233,-29.44242327038828
234,-29.533395048594006
235,-5.457950495786048
236,-29.2820806203131
237,-29.582185212763438
238,-29.582185212763438
239,-30.275332393323385
240,-31.47930519764932
241,-29.93886015670217
242,-29.687545728421266
243,-29.44242327038828
244,-8.894827769889003
245,-30.09301083652943
246,-29.63347850715099
247,-30.012968128855892
248,-29.582185212763438
249,-30.18002221351906
250,-30.18002221351906
251,-9.175273410048963
252,-30.38069290898121
253,-29.533395048594006
254,-29.35904166144923
255,-29.93886015670217
256,-9.580192354256889
257,-29.93886015670217
258,-29.022569424828017
259,-10.274523877429358
260,-3.7618980303944873
261,-31.191623125197538
262,-30.09301083652943
263,-29.869867285215218
264,-31.191623125197538
265,-30.275332393323385
266,-32.57791748631743
267,-7.01107102909083
268,-30.498475944637594
269,-30.632007337262117
270,-30.38069290898121
271,-29.44242327038828
272,-7.523153484755815
273,-29.744704142261213
274,-32.57791748631743
275,-30.275332393323385
276,-29.869867285215218
277,-30.786158017089374
278,-29.869867285215218
279,-8.305335220833749
280,-29.176720104655274
281,-29.744704142261213
282,-30.012968128855892
283,-31.47930519764932
284,-30.275332393323385
285,-30.632007337262117
286,-30.09301083652943
287,-29.533395048594006
288,-5.691146812858955
289,-29.2820806203131
290,-28.914355840187785
291,-8.424065893743437
292,-30.498475944637594
293,-29.35904166144923
294,-30.786158017089374
295,-31.191623125197538
296,-8.054395543012362
297,-29.93886015670217
298,-30.498475944637594
299,-31.884770305757485
300,-29.63347850715099
301,-30.09301083652943
302,-31.47930519764932
303,-7.818105699395671
304,-29.533395048594006
305,-30.632007337262117
306,-30.09301083652943
307,-30.96847957388333
308,-31.884770305757485
309,-29.93886015670217
310,-29.744704142261213
311,-30.012968128855892
312,-7.659028375640631
313,-29.486875032959112
314,-29.63347850715099
315,-30.38069290898121
316,-30.18002221351906
317,-30.38069290898121
318,-30.18002221351906
319,-30.786158017089374
320,-31.191623125197538
321,-29.869867285215218
322,-28.966999573673206
323,-2.364888841282129
324,-29.93886015670217
325,-29.2820806203131
326,-7.0690960196635455
327,-7.136679194117467
328,-29.486875032959112
329,-29.93886015670217
330,-8.182884673377464
331,-29.245712976142226
332,-29.31982094829595
333,-31.191623125197538
334,-29.869867285215218
335,-5.738970084339049
336,-28.626673767736
337,-28.816717370623866
338,-7.2515859830818385
339,-28.889038032203494
340,-29.744704142261213
341,-29.486875032959112
342,-29.022569424828017
343,-6.96744913545386
344,-28.467043622144118
345,-30.012968128855892
346,-30.632007337262117
347,-30.38069290898121
348,-28.940331326591043
349,-29.143930281832283
350,-2.941615602733704
351,-6.76250803897351
352,-29.210621656330954
353,-28.864345419613123
354,-5.402279936935854
355,-28.864345419613123
356,-28.940331326591043
357,-29.533395048594006
358,-28.864345419613123
359,-3.4218824233618905
360,-29.93886015670217
361,-30.96847957388333
362,-29.805328764077647
363,-29.143930281832283
364,-7.036776097081536
365,-29.93886015670217
366,-28.966999573673206
367,-7.220232483694541
368,-31.191623125197538
369,-30.632007337262117
370,-29.582185212763438
372,-8.301121506208549
373,-30.18002221351906
374,-30.498475944637594
375,-29.35904166144923
376,-31.47930519764932
378,-30.012968128855892
379,-5.780674482457598
380,-8.550533146282428
381,-29.744704142261213
382,-28.99439854786132
383,-7.880989260202108
384,-29.869867285215218
385,-29.805328764077647
386,-29.687545728421266
387,-30.09301083652943
388,-7.5267692167998055
389,-31.191623125197538
390,-29.35904166144923
391,-30.012968128855892
392,-30.275332393323385
393,-30.09301083652943
394,-29.63347850715099
395,-7.314900551935544
396,-28.914355840187785
397,-30.498475944637594
398,-30.275332393323385
399,-30.38069290898121
400,-30.786158017089374
401,-29.93886015670217
402,-29.869867285215218
403,-28.749276089828335
404,-4.794436489084176
405,-29.533395048594006
406,-29.533395048594006
407,-6.981996803137685
408,-7.039858384903253
409,-30.275332393323385
410,-29.869867285215218
411,-8.4731336461025
412,-29.744704142261213
413,-29.744704142261213
414,-29.744704142261213
415,-29.533395048594006
416,-5.750901456138575
417,-28.4347827599259
418,-29.869867285215218
419,-7.191313766805195
420,-28.99439854786132
421,-29.44242327038828
422,-29.744704142261213
423,-29.582185212763438
424,-6.946119121129518
425,-28.914355840187785
426,-29.805328764077647
427,-30.38069290898121
428,-29.486875032959112
429,-29.31982094829595
430,-29.210621656330954
431,-2.925537723092505
432,-29.687545728421266
433,-30.498475944637594
434,-29.93886015670217
435,-29.35904166144923
436,-6.99898890312971
437,-29.93886015670217
438,-29.176720104655274
439,-6.725835574966308
440,-30.275332393323385
441,-30.498475944637594
442,-31.191623125197538
443,-29.805328764077647
444,-8.556616214325118
445,-30.38069290898121
446,-29.399863655969483
447,-30.38069290898121
448,-30.275332393323385
449,-30.96847957388333
450,-30.09301083652943
451,-5.999858010705347
452,-8.121739072053481
453,-29.93886015670217
454,-29.210621656330954
455,-7.463943460901275
456,-29.869867285215218
457,-29.687545728421266
458,-29.687545728421266
459,-29.869867285215218
460,-7.148411118184991
461,-29.869867285215218
462,-29.210621656330954
463,-29.582185212763438
464,-30.09301083652943
465,-30.275332393323385
466,-29.744704142261213
467,-6.983200291974724
468,-28.840247868034062
469,-29.533395048594006
470,-30.38069290898121
471,-30.96847957388333
472,-30.498475944637594
473,-29.687545728421266
474,-30.275332393323385
475,-28.840247868034062
476,-3.6209189701226947
477,-30.012968128855892
478,-29.176720104655274
479,-7.045097948511992
480,-7.462627039805697
481,-30.09301083652943
482,-29.869867285215218
483,-8.239095351605464
484,-29.486875032959112
485,-30.275332393323385
486,-29.687545728421266
487,-29.93886015670217
488,-5.655678861027514
489,-28.6860971882068
490,-28.840247868034062
491,-7.526613505312585
492,-29.35904166144923
493,-29.486875032959112
494,-29.582185212763438
495,-29.35904166144923
496,-7.210804195792517
497,-28.889038032203494
498,-29.687545728421266
499,-30.09301083652943
500,-30.498475944637594
501,-29.399863655969483
502,-29.022569424828017
503,-3.9979201098155976
504,-29.869867285215218
505,-29.805328764077647
506,-6.833275759990525
507,-29.210621656330954
508,-30.09301083652943
509,-29.582185212763438
510,-29.63347850715099
511,-7.4068985787535775
512,-29.210621656330954
513,-30.38069290898121
514,-9.602820925379321
515,-5.604802647407691
516,-28.889038032203494
517,-29.143930281832283
518,-30.96847957388333
519,-30.18002221351906
520,-29.2820806203131
521,-29.533395048594006
522,-7.401728914276591
523,-29.582185212763438
524,-28.99439854786132
525,-29.2820806203131
526,-29.63347850715099
527,-7.866083077067185
528,-28.588933439753156
529,-29.022569424828017
530,-3.0904531190541404
531,-29.805328764077647
532,-31.191623125197538
533,-30.275332393323385
534,-30.786158017089374
535,-6.86855356764754
536,-29.35904166144923
537,-30.632007337262117
538,-9.287431532267506
539,-30.38069290898121
540,-29.869867285215218
541,-31.191623125197538
542,-29.744704142261213
543,-9.075072341063999
544,-29.399863655969483
545,-30.18002221351906
546,-30.275332393323385
547,-30.09301083652943
548,-29.93886015670217
549,-29.744704142261213
550,-7.142691515350519
551,-6.762657093949214
552,-29.022569424828017
553,-28.914355840187785
554,-6.092925729463231
555,-10.216813577701854
556,-29.533395048594006
557,-29.399863655969483
558,-9.52545359615205
559,-29.744704142261213
560,-29.93886015670217
561,-29.582185212763438
562,-30.38069290898121
563,-9.123374080137188
564,-29.744704142261213
565,-30.275332393323385
566,-29.93886015670217
567,-30.632007337262117
568,-29.744704142261213
569,-29.35904166144923
570,-8.841558351318337
571,-29.022569424828017
572,-29.533395048594006
573,-30.786158017089374
574,-30.96847957388333
575,-31.47930519764932
576,-29.399863655969483
577,-29.744704142261213
578,-28.77125499654711
579,-6.274717641597354
580,-28.79372785239917
581,-28.966999573673206
582,-30.275332393323385
583,-28.57058430108496
584,-3.1106251606621247
585,-29.687545728421266
587,-30.275332393323385
588,-30.09301083652943
589,-30.38069290898121
590,-29.93886015670217
591,-6.98182373101674
592,-29.35904166144923
593,-32.57791748631743
594,-29.63347850715099
595,-28.914355840187785
596,-11.265184431833308
597,-29.805328764077647
598,-28.914355840187785
599,-6.7588995653757005
600,-28.840247868034062
601,-30.012968128855892
602,-29.805328764077647
603,-29.35904166144923
604,-12.592093932046415
605,-12.387174245973247
606,-28.32942224426807
607,-30.18002221351906
608,-9.302648639225847
609,-31.47930519764932
610,-31.47930519764932
611,-29.869867285215218
612,-31.47930519764932
613,-31.191623125197538
614,-30.18002221351906
615,-8.575979548154487
616,-29.93886015670217
617,-31.191623125197538
618,-29.63347850715099
619,-29.805328764077647
620,-32.57791748631743
621,-30.275332393323385
622,-30.786158017089374
623,-29.245712976142226
624,-6.024726498354456
625,-29.176720104655274
626,-29.08140992485095
627,-7.712909977384926
628,-29.44242327038828
629,-30.09301083652943
630,-30.275332393323385
631,-29.687545728421266
632,-7.366150296157693
633,-29.533395048594006
634,-29.744704142261213
635,-31.884770305757485
636,-30.18002221351906
637,-31.884770305757485
638,-29.582185212763438
639,-7.247450857878479
640,-29.245712976142226
641,-29.05155696170127
642,-31.191623125197538
643,-30.09301083652943
644,-29.05155696170127
645,-29.176720104655274
646,-11.011860432521251
647,-28.940331326591043
648,-29.176720104655274
649,-29.176720104655274
650,-29.44242327038828
651,-11.48914367585452
652,-28.34381098172017
653,-29.08140992485095
654,-10.749782375525294
655,-31.47930519764932
656,-30.012968128855892
657,-29.582185212763438
658,-30.38069290898121
659,-30.09301083652943
660,-29.93886015670217
661,-30.96847957388333
662,-30.275332393323385
663,-7.079850882051286
664,-29.08140992485095
665,-29.687545728421266
666,-30.275332393323385
667,-30.96847957388333
668,-30.96847957388333
669,-30.38069290898121
670,-30.09301083652943
671,-29.869867285215218
672,-31.884770305757485
673,-28.940331326591043
674,-3.07195401822732
675,-29.744704142261213
676,-30.275332393323385
677,-6.9581885604654525
678,-8.263268657052656
679,-29.93886015670217
680,-29.582185212763438
681,-8.513335811161838
682,-30.275332393323385
683,-29.93886015670217
684,-29.31982094829595
685,-29.93886015670217
686,-5.535831670329321
687,-28.48357292409533
688,-29.399863655969483
689,-8.142661597392364
690,-29.582185212763438
691,-29.022569424828017
692,-29.44242327038828
693,-29.805328764077647
694,-7.794640196035466
695,-29.176720104655274
696,-29.31982094829595
697,-29.93886015670217
698,-30.498475944637594
699,-29.63347850715099
700,-29.143930281832283
701,-3.079215389638556
702,-31.191623125197538
703,-30.96847957388333
704,-29.93886015670217
705,-29.582185212763438
706,-6.985720319682595
707,-29.44242327038828
708,-29.687545728421266
709,-7.846640477496169
710,-31.884770305757485
711,-30.498475944637594
712,-30.632007337262117
713,-30.38069290898121
714,-8.403554204720937
715,-29.63347850715099
716,-30.09301083652943
717,-29.805328764077647
718,-30.786158017089374
719,-30.786158017089374
720,-30.09301083652943
721,-5.625521654558144
722,-9.039014302792076
723,-30.012968128855892
724,-29.687545728421266
725,-8.366970930321498
726,-30.275332393323385
727,-29.63347850715099
728,-29.44242327038828
729,-30.786158017089374
730,-7.998782402154805
731,-29.582185212763438
732,-31.47930519764932
733,-29.93886015670217
734,-30.012968128855892
735,-29.582185212763438
736,-30.012968128855892
737,-7.763979624750465
738,-29.112181583517703
739,-29.210621656330954
740,-30.275332393323385
741,-31.191623125197538
742,-30.38069290898121
743,-30.38069290898121
744,-29.744704142261213
745,-29.176720104655274
746,-3.2012032185827963
747,-30.275332393323385
748,-30.786158017089374
749,-30.275332393323385
750,-30.96847957388333
751,-31.191623125197538
752,-31.47930519764932
753,-7.017403909327787
754,-29.399863655969483
755,-30.786158017089374
756,-31.191623125197538
757,-29.31982094829595
758,-7.318511539765543
759,-31.47930519764932
760,-29.805328764077647
762,-30.96847957388333
763,-30.632007337262117
764,-29.93886015670217
765,-8.321231536917157
766,-30.96847957388333
767,-30.012968128855892
768,-30.09301083652943
769,-31.191623125197538
770,-30.786158017089374
771,-30.38069290898121
772,-29.805328764077647
773,-30.786158017089374
774,-5.740379272796676
775,-29.112181583517703
776,-29.486875032959112
777,-8.284286869702113
778,-29.44242327038828
779,-29.687545728421266
780,-31.191623125197538
781,-31.191623125197538
782,-7.9105928327216475
783,-29.744704142261213
784,-29.93886015670217
785,-31.191623125197538
786,-30.38069290898121
787,-30.498475944637594
788,-29.93886015670217
789,-7.673579540681193
790,-31.191623125197538
791,-29.744704142261213
792,-30.96847957388333
793,-29.93886015670217
794,-30.96847957388333
795,-30.012968128855892
796,-30.275332393323385
797,-29.744704142261213
798,-7.516272379723918
799,-29.112181583517703
800,-29.805328764077647
801,-30.96847957388333
802,-30.632007337262117
803,-29.869867285215218
804,-31.47930519764932
805,-30.38069290898121
806,-30.38069290898121
807,-30.09301083652943
808,-28.889038032203494
0,-10.708397690403324
1,-29.687545728421266
2,-30.275332393323385
3,-10.010888693909687
4,-30.786158017089374
5,-30.38069290898121
6,-29.869867285215218
7,-30.786158017089374
8,-5.719272033085794
9,-29.582185212763438
10,-29.93886015670217
11,-6.881697008796627
12,-11.22448113827421
13,-29.869867285215218
14,-30.09301083652943
15,-10.594166071135746
16,-30.275332393323385
17,-30.96847957388333
18,-29.486875032959112
19,-30.38069290898121
20,-7.236584812888419
21,-29.63347850715099
22,-29.93886015670217
23,-10.648112062252332
24,-30.275332393323385
25,-31.47930519764932
26,-30.498475944637594
27,-30.18002221351906
28,-10.265280339231433
29,-30.18002221351906
30,-29.869867285215218
31,-30.96847957388333
32,-30.96847957388333
33,-30.012968128855892
34,-31.47930519764932
35,-4.764211158722875
36,-29.533395048594006
37,-30.18002221351906
38,-30.96847957388333
39,-30.498475944637594
40,-10.654014842903441
41,-29.805328764077647
42,-30.18002221351906
43,-11.327377374840463
44,-6.775390149253822
45,-30.786158017089374
46,-29.93886015670217
47,-11.710984252785112
48,-30.275332393323385
49,-30.38069290898121
50,-30.18002221351906
51,-31.884770305757485
52,-11.379740653469952
53,-30.786158017089374
54,-31.47930519764932
55,-30.96847957388333
56,-30.786158017089374
57,-30.38069290898121
59,-6.439384067122663
60,-31.191623125197538
61,-30.275332393323385
62,-29.44242327038828
63,-30.96847957388333
64,-10.646907091857479
65,-30.275332393323385
66,-29.93886015670217
67,-30.632007337262117
68,-30.38069290898121
69,-30.632007337262117
70,-30.498475944637594
71,-10.371195043668981
72,-31.191623125197538
73,-29.582185212763438
74,-31.884770305757485
75,-31.191623125197538
76,-29.63347850715099
77,-31.191623125197538
78,-30.09301083652943
79,-30.498475944637594
80,-6.195820879442574
81,-29.31982094829595
83,-5.712276450822774
84,-6.857322728876614
85,-28.99439854786132
86,-30.96847957388333
87,-7.172701199548993
88,-29.805328764077647
89,-30.786158017089374
90,-30.18002221351906
91,-30.38069290898121
92,-4.760016688281436
93,-29.687545728421266
95,-6.745050941989275
96,-30.96847957388333
97,-30.38069290898121
98,-30.18002221351906
99,-30.38069290898121
100,-6.415146916747062
101,-30.498475944637594
102,-30.498475944637594
103,-29.744704142261213
104,-30.498475944637594
105,-29.687545728421266
106,-31.191623125197538
107,-3.9083391888255843
108,-29.486875032959112
109,-30.09301083652943
110,-8.05925613339501
111,-11.165296313275324
112,-29.744704142261213
113,-30.786158017089374
114,-10.692737646595928
115,-29.486875032959112
116,-30.18002221351906
117,-30.012968128855892
118,-30.012968128855892
119,-7.297631696534896
120,-29.582185212763438
121,-29.35904166144923
122,-10.654594408969958
123,-29.687545728421266
124,-29.93886015670217
125,-29.93886015670217
126,-31.47930519764932
127,-10.26900111785314
128,-29.63347850715099
129,-30.96847957388333
130,-30.012968128855892
131,-30.09301083652943
132,-30.275332393323385
133,-30.38069290898121
134,-6.11108350666579
135,-7.989582055847982
136,-30.012968128855892
137,-29.245712976142226
138,-7.24658922312499
139,-29.2820806203131
140,-29.869867285215218
141,-11.41119733931343
142,-29.869867285215218
143,-29.93886015670217
144,-29.744704142261213
145,-29.245712976142226
146,-8.061625330575751
147,-11.866281490572442
148,-29.869867285215218
149,-29.582185212763438
150,-11.26840196446219
151,-29.533395048594006
152,-30.09301083652943
153,-29.486875032959112
154,-29.210621656330954
155,-7.773708751847605
156,-29.93886015670217
157,-30.09301083652943
158,-30.498475944637594
159,-30.786158017089374
160,-8.189124613808186
161,-30.275332393323385
162,-29.93886015670217
163,-11.30542426019793
164,-29.869867285215218
165,-30.96847957388333
166,-29.869867285215218
167,-29.805328764077647
168,-11.030326201427908
169,-30.632007337262117
170,-29.869867285215218
171,-30.275332393323385
172,-30.18002221351906
173,-31.47930519764932
174,-29.582185212763438
175,-11.151653962247114
176,-29.744704142261213
177,-29.486875032959112
178,-11.102341747521274
179,-29.805328764077647
181,-30.275332393323385
182,-30.96847957388333
183,-10.78748353145523
184,-30.38069290898121
185,-32.57791748631743
187,-30.18002221351906
188,-30.498475944637594
189,-30.275332393323385
190,-7.307691975665573
191,-11.95180641117117
192,-30.275332393323385
193,-30.96847957388333
194,-11.269160102349261
195,-30.012968128855892
196,-30.786158017089374
197,-31.884770305757485
198,-29.744704142261213
199,-10.88084772051101
200,-30.498475944637594
201,-31.884770305757485
203,-30.275332393323385
204,-31.47930519764932
205,-31.884770305757485
206,-10.616421721782471
208,-30.18002221351906
209,-30.275332393323385
210,-31.47930519764932
211,-31.47930519764932
212,-31.884770305757485
213,-30.012968128855892
214,-31.47930519764932
215,-4.896042478648936
216,-30.18002221351906
217,-30.96847957388333
218,-8.00415724705856
219,-31.191623125197538
220,-30.18002221351906
221,-29.744704142261213
222,-29.744704142261213
223,-11.334817207737133
224,-30.012968128855892
225,-30.786158017089374
226,-12.262692081280639
227,-7.260543319023856
228,-29.687545728421266
229,-31.884770305757485
230,-30.498475944637594
231,-31.47930519764932
232,-29.869867285215218
233,-29.176720104655274
234,-11.080641138094595
235,-29.93886015670217
236,-30.09301083652943
237,-29.869867285215218
238,-30.38069290898121
239,-11.502417039239273
240,-30.498475944637594
241,-29.744704142261213
242,-9.22007863614723
243,-30.632007337262117
244,-31.47930519764932
245,-30.275332393323385
246,-30.18002221351906
247,-8.01204870952137
248,-30.18002221351906
249,-29.93886015670217
250,-12.178237251291813
251,-32.57791748631743
252,-31.47930519764932
253,-30.632007337262117
254,-29.744704142261213
255,-11.749195349600637
257,-30.012968128855892
258,-31.884770305757485
259,-31.191623125197538
260,-30.632007337262117
261,-29.869867285215218
262,-7.259458793871082
263,-12.865528222196236
264,-29.805328764077647
265,-30.38069290898121
266,-12.18799753851334
267,-31.884770305757485
268,-30.18002221351906
269,-31.47930519764932
270,-30.632007337262117
271,-11.808078646049088
272,-30.786158017089374
273,-29.93886015670217
275,-31.47930519764932
276,-30.498475944637594
277,-31.191623125197538
278,-11.555213082370102
279,-30.18002221351906
280,-30.498475944637594
281,-31.191623125197538
282,-30.498475944637594
284,-30.632007337262117
285,-30.632007337262117
286,-31.47930519764932
287,-7.482646804139909
288,-29.63347850715099
289,-31.884770305757485
290,-30.09301083652943
291,-30.275332393323385
292,-29.93886015670217
293,-30.632007337262117
294,-8.041728355952989
295,-29.582185212763438
296,-31.191623125197538
297,-29.582185212763438
298,-30.96847957388333
299,-11.117046950822019
300,-29.93886015670217
301,-29.869867285215218
302,-31.884770305757485
303,-29.805328764077647
304,-29.93886015670217
305,-31.47930519764932
306,-10.961598393232578
307,-29.31982094829595
308,-30.498475944637594
310,-30.632007337262117
311,-30.498475944637594
312,-30.786158017089374
313,-31.47930519764932
314,-30.09301083652943
315,-7.3004300674882625
316,-29.582185212763438
317,-30.786158017089374
318,-11.627928777872905
319,-30.498475944637594
320,-31.47930519764932
321,-30.96847957388333
322,-30.632007337262117
323,-11.231017701733984
324,-30.786158017089374
325,-30.09301083652943
326,-30.786158017089374
327,-31.47930519764932
328,-31.884770305757485
329,-30.275332393323385
330,-10.955153089348672
331,-29.869867285215218
332,-31.191623125197538
333,-30.96847957388333
334,-30.632007337262117
335,-30.96847957388333
336,-30.09301083652943
337,-31.191623125197538
338,-32.57791748631743
339,-10.746910986705656
340,-30.275332393323385
341,-30.275332393323385
342,-30.632007337262117
343,-30.012968128855892
344,-31.191623125197538
345,-30.786158017089374
346,-30.498475944637594
347,-31.47930519764932
348,-30.498475944637594
349,-30.786158017089374
350,-6.37966199451076
351,-15.174152553130227
352,-30.09301083652943
353,-29.44242327038828
354,-14.477255026759032
355,-29.176720104655274
356,-29.63347850715099
357,-29.687545728421266
358,-30.012968128855892
359,-5.712354414243356
360,-29.245712976142226
361,-29.022569424828017
362,-6.857893125461476
363,-29.35904166144923
364,-29.744704142261213
365,-30.09301083652943
366,-29.399863655969483
367,-13.639091510410896
368,-29.805328764077647
369,-29.176720104655274
370,-14.332392189168951
371,-7.175791225803144
372,-29.2820806203131
373,-29.399863655969483
374,-14.047057511386837
375,-30.498475944637594
376,-30.498475944637594
377,-30.96847957388333
378,-29.93886015670217
379,-13.654323305559311
380,-30.786158017089374
381,-29.93886015670217
382,-30.96847957388333
383,-31.47930519764932
384,-31.191623125197538
385,-30.498475944637594
386,-4.76063073522679
387,-13.0127567589589
388,-29.533395048594006
389,-29.869867285215218
390,-12.318972039656826
391,-29.744704142261213
392,-29.869867285215218
393,-29.805328764077647
394,-29.869867285215218
395,-6.749221060103814
396,-30.498475944637594
397,-29.869867285215218
398,-13.238226930541613
399,-30.09301083652943
400,-30.786158017089374
401,-30.96847957388333
402,-29.93886015670217
403,-12.835541850906734
404,-30.09301083652943
405,-29.687545728421266
406,-30.96847957388333
407,-30.96847957388333
408,-32.57791748631743
409,-31.884770305757485
410,-6.4177322241964605
411,-29.486875032959112
412,-29.687545728421266
413,-29.687545728421266
414,-31.884770305757485
415,-13.206421449325948
416,-31.47930519764932
417,-29.63347850715099
418,-30.786158017089374
419,-30.786158017089374
420,-30.498475944637594
421,-31.191623125197538
422,-12.920816747133555
423,-29.31982094829595
424,-30.38069290898121
425,-30.632007337262117
426,-30.012968128855892
427,-31.47930519764932
428,-30.18002221351906
429,-31.47930519764932
430,-31.884770305757485
431,-4.198932614425823
432,-30.498475944637594
433,-29.35904166144923
434,-10.512404838924326
435,-30.786158017089374
436,-29.486875032959112
437,-30.632007337262117
438,-30.09301083652943
439,-10.096222772433187
440,-29.245712976142226
441,-29.533395048594006
442,-30.786158017089374
443,-31.884770305757485
444,-29.805328764077647
445,-30.96847957388333
446,-5.9150700764723005
447,-30.012968128855892
448,-29.582185212763438
449,-32.57791748631743
450,-29.399863655969483
451,-13.488529114542835
452,-30.012968128855892
453,-29.687545728421266
454,-14.387595825631273
455,-7.4581647950465575
456,-29.022569424828017
457,-30.275332393323385
458,-30.012968128855892
459,-30.275332393323385
460,-6.879902478607258
461,-30.498475944637594
462,-29.582185212763438
463,-11.012881419221516
464,-29.35904166144923
465,-30.498475944637594
466,-29.63347850715099
467,-30.96847957388333
468,-10.682834796856756
469,-29.44242327038828
470,-30.09301083652943
471,-30.96847957388333
472,-29.744704142261213
473,-31.191623125197538
474,-31.191623125197538
475,-7.2518761324756476
476,-11.82377453977956
477,-30.012968128855892
478,-30.012968128855892
479,-11.136867647045273
480,-30.498475944637594
482,-30.09301083652943
483,-31.47930519764932
484,-10.742455769494072
485,-30.18002221351906
486,-30.96847957388333
487,-30.632007337262117
488,-31.191623125197538
489,-31.191623125197538
490,-30.786158017089374
491,-10.471430699845756
492,-30.275332393323385
493,-30.275332393323385
494,-31.47930519764932
495,-30.498475944637594
496,-30.498475944637594
497,-31.191623125197538
498,-29.93886015670217
499,-32.57791748631743
500,-7.036755573309242
501,-29.31982094829595
502,-29.143930281832283
503,-6.857785248082812
504,-30.632007337262117
505,-29.399863655969483
506,-29.533395048594006
507,-29.744704142261213
508,-14.045563319105867
509,-30.498475944637594
510,-28.99439854786132
511,-14.668799487738447
512,-7.174701781505988
513,-30.012968128855892
514,-30.38069290898121
515,-30.96847957388333
516,-30.632007337262117
517,-29.582185212763438
518,-29.245712976142226
519,-13.760877291880297
520,-29.44242327038828
521,-31.191623125197538
522,-30.275332393323385
523,-30.498475944637594
524,-14.271197063912243
525,-30.18002221351906
526,-30.09301083652943
527,-5.145938999807627
528,-29.31982094829595
529,-31.884770305757485
530,-30.498475944637594
531,-30.38069290898121
533,-30.275332393323385
534,-10.751810492649788
535,-29.486875032959112
536,-30.786158017089374
537,-30.275332393323385
538,-30.632007337262117
539,-11.135215855385914
540,-29.582185212763438
541,-30.275332393323385
542,-6.776397493692124
543,-12.80540548538952
544,-30.012968128855892
545,-30.38069290898121
546,-12.14754564432537
547,-31.884770305757485
548,-30.632007337262117
549,-30.38069290898121
550,-30.275332393323385
551,-11.800056634566152
552,-31.47930519764932
553,-30.275332393323385
554,-30.498475944637594
555,-30.786158017089374
557,-30.09301083652943
558,-11.591998075988156
559,-29.176720104655274
560,-31.191623125197538
561,-30.632007337262117
562,-31.884770305757485
563,-30.275332393323385
564,-30.632007337262117
565,-30.96847957388333
566,-31.884770305757485
567,-6.476099432176243
568,-14.991144975244328
569,-30.09301083652943
570,-30.632007337262117
571,-14.29863692141744
572,-30.632007337262117
573,-30.09301083652943
574,-30.786158017089374
575,-29.687545728421266
576,-9.954142780594275
577,-29.31982094829595
578,-31.191623125197538
579,-11.533461017529909
580,-30.498475944637594
581,-30.498475944637594
582,-31.191623125197538
583,-29.869867285215218
584,-11.13343912588512
585,-30.786158017089374
586,-30.786158017089374
587,-29.93886015670217
589,-30.786158017089374
590,-30.275332393323385
591,-10.85354661741407
592,-30.786158017089374
593,-31.884770305757485
594,-30.96847957388333
595,-31.191623125197538
596,-31.884770305757485
597,-30.09301083652943
598,-30.498475944637594
599,-30.786158017089374
600,-10.640958948363592
601,-29.44242327038828
602,-30.786158017089374
603,-30.275332393323385
604,-30.96847957388333
605,-31.47930519764932
606,-30.09301083652943
607,-31.47930519764932
608,-30.632007337262117
609,-29.869867285215218
610,-30.96847957388333
611,-6.848651994640825
612,-30.632007337262117
613,-32.57791748631743
614,-30.498475944637594
615,-31.191623125197538
616,-30.38069290898121
617,-29.210621656330954
618,-14.659037116498952
619,-29.582185212763438
620,-30.275332393323385
621,-30.498475944637594
622,-31.47930519764932
623,-14.854216116407688
624,-30.38069290898121
625,-30.96847957388333
626,-6.4159487111232805
627,-30.012968128855892
628,-30.498475944637594
629,-30.786158017089374
630,-30.96847957388333
631,-30.38069290898121
632,-31.191623125197538
633,-29.687545728421266
634,-31.191623125197538
635,-13.866454064262914
636,-29.744704142261213
637,-29.93886015670217
638,-30.012968128855892
639,-32.57791748631743
640,-29.687545728421266
641,-30.498475944637594
642,-14.249060045396122
643,-30.275332393323385
644,-30.498475944637594
645,-30.09301083652943
646,-31.191623125197538
647,-4.817044121783257
648,-28.99439854786132
649,-30.498475944637594
650,-5.898737362768531
651,-11.125279236673167
652,-29.05155696170127
653,-29.744704142261213
654,-10.447748938822494
655,-29.533395048594006
656,-29.869867285215218
657,-29.486875032959112
658,-29.245712976142226
659,-7.564376091593892
660,-6.85744349654107
661,-29.245712976142226
662,-30.09301083652943
663,-7.172698783411465
664,-29.533395048594006
665,-30.498475944637594
666,-31.191623125197538
667,-30.498475944637594
668,-6.955948622048384
669,-29.687545728421266
670,-28.467043622144118
671,-6.873202197311145
672,-11.672129118607018
673,-29.35904166144923
674,-29.805328764077647
675,-11.012792408069334
676,-29.744704142261213
677,-29.486875032959112
678,-30.012968128855892
679,-29.112181583517703
680,-7.213960563567464
681,-29.687545728421266
682,-30.38069290898121
683,-11.079467412558003
684,-29.31982094829595
685,-31.884770305757485
686,-29.533395048594006
687,-29.93886015670217
688,-10.697256948595617
689,-29.582185212763438
690,-30.012968128855892
691,-30.96847957388333
692,-30.18002221351906
693,-29.582185212763438
694,-29.744704142261213
695,-5.153678936635225
696,-30.632007337262117
697,-30.09301083652943
698,-6.745097452085741
699,-30.498475944637594
700,-31.884770305757485
701,-31.884770305757485
702,-29.687545728421266
703,-6.445475409501114
704,-29.687545728421266
705,-30.012968128855892
706,-30.18002221351906
707,-29.35904166144923
708,-11.092213676373643
709,-29.44242327038828
710,-30.09301083652943
711,-11.77251020435745
712,-10.561149959491077
713,-29.63347850715099
714,-30.786158017089374
715,-30.09301083652943
716,-30.96847957388333
717,-29.93886015670217
718,-29.687545728421266
719,-6.787363919863646
720,-30.275332393323385
721,-29.869867285215218
722,-12.161990624377346
723,-29.63347850715099
724,-30.632007337262117
725,-29.687545728421266
726,-30.96847957388333
727,-11.778158847471403
728,-30.786158017089374
729,-30.498475944637594
730,-32.57791748631743
731,-29.63347850715099
732,-29.63347850715099
733,-29.63347850715099
734,-6.430915413149252
735,-29.582185212763438
736,-29.93886015670217
737,-29.533395048594006
738,-31.191623125197538
739,-11.077316567872796
740,-31.191623125197538
741,-29.44242327038828
742,-30.498475944637594
743,-30.498475944637594
744,-30.786158017089374
745,-30.786158017089374
746,-10.80564508299948
747,-29.582185212763438
748,-30.498475944637594
749,-30.632007337262117
750,-29.93886015670217
751,-30.498475944637594
752,-29.93886015670217
753,-30.632007337262117
754,-30.498475944637594
0,-5.044305231772004
1,-29.31982094829595
2,-28.966999573673206
3,-5.244605198422685
4,-29.687545728421266
5,-30.632007337262117
6,-5.038305824572862
7,-18.31874406603328
8,-30.012968128855892
9,-28.195890851643547
10,-17.484165871861883
11,-29.31982094829595
12,-30.275332393323385
13,-29.176720104655274
14,-29.93886015670217
15,-5.458676587155494
16,-29.31982094829595
17,-29.245712976142226
18,-5.021689975149853
19,-5.272913947737232
20,-16.466992684552736
21,-29.31982094829595
22,-29.582185212763438
23,-15.725048615609476
24,-30.96847957388333
25,-29.44242327038828
26,-30.96847957388333
27,-30.498475944637594
28,-4.219912772580072
29,-28.99439854786132
30,-29.582185212763438
31,-5.0727744759073214
32,-12.566425571571745
33,-29.533395048594006
34,-29.582185212763438
35,-10.03248217587538
36,-28.6860971882068
37,-30.38069290898121
38,-30.09301083652943
39,-29.143930281832283
40,-5.297233000995216
41,-8.43328704224615
42,-30.96847957388333
43,-30.786158017089374
44,-7.811014577258567
45,-30.632007337262117
46,-30.275332393323385
47,-30.498475944637594
48,-29.805328764077647
49,-5.169596295912065
50,-29.399863655969483
51,-30.786158017089374
52,-8.44470719037594
53,-13.729847168150423
54,-30.09301083652943
55,-29.44242327038828
56,-12.770751854396567
57,-29.05155696170127
58,-31.191623125197538
59,-29.63347850715099
60,-30.498475944637594
61,-7.824757965904972
62,-30.498475944637594
63,-29.399863655969483
64,-12.705590583094523
65,-30.012968128855892
66,-29.687545728421266
67,-29.93886015670217
68,-29.63347850715099
69,-12.452495088329183
70,-30.498475944637594
71,-29.582185212763438
72,-30.96847957388333
73,-29.210621656330954
74,-29.744704142261213
75,-29.44242327038828
76,-5.515140156058193
77,-10.058822822720517
78,-29.176720104655274
79,-30.275332393323385
80,-8.66989529479
81,-30.012968128855892
82,-29.63347850715099
83,-30.786158017089374
84,-29.687545728421266
85,-5.040370717111345
86,-29.08140992485095
87,-29.2820806203131
88,-5.354159638260727
89,-28.665894480889282
90,-30.38069290898121
91,-8.714531146706086
92,-9.323220765775204
93,-29.93886015670217
94,-31.191623125197538
95,-10.684473650383874
96,-30.18002221351906
97,-30.786158017089374
98,-31.47930519764932
99,-29.805328764077647
100,-8.18462110732824
101,-29.582185212763438
102,-29.112181583517703
103,-9.520360235491554
104,-30.96847957388333
105,-29.805328764077647
106,-29.93886015670217
107,-31.191623125197538
108,-9.094536395516704
109,-30.38069290898121
110,-30.632007337262117
111,-30.275332393323385
112,-30.632007337262117
113,-30.275332393323385
114,-29.687545728421266
115,-3.4425952120259873
116,-29.486875032959112
117,-29.63347850715099
118,-5.088199366236466
119,-14.76870674249934
120,-29.31982094829595
121,-30.09301083652943
122,-14.074015218638968
123,-29.744704142261213
124,-29.533395048594006
125,-29.687545728421266
126,-29.869867285215218
127,-5.3583827838992635
128,-7.606690693798692
129,-31.191623125197538
130,-30.18002221351906
131,-7.080408190853889
132,-29.63347850715099
133,-29.93886015670217
134,-30.96847957388333
135,-30.96847957388333
136,-5.332615053719904
137,-29.31982094829595
138,-31.191623125197538
139,-7.607628105652872
140,-15.489852374510145
141,-29.805328764077647
142,-29.687545728421266
143,-14.79347070692137
144,-29.687545728421266
145,-29.93886015670217
146,-31.47930519764932
147,-29.533395048594006
148,-7.0814173314769535
149,-29.176720104655274
150,-30.632007337262117
151,-14.754091807195783
152,-31.191623125197538
153,-30.498475944637594
154,-30.09301083652943
155,-29.2820806203131
156,-14.34926141045346
157,-29.582185212763438
158,-30.275332393323385
159,-29.533395048594006
160,-29.35904166144923
161,-30.96847957388333
162,-29.35904166144923
163,-5.527603258662141
164,-13.023557306591634
165,-29.869867285215218
166,-29.399863655969483
167,-12.333127613300567
168,-29.399863655969483
169,-30.275332393323385
170,-29.805328764077647
172,-5.031722514850867
173,-29.486875032959112
174,-29.63347850715099
175,-5.437809123416116
176,-29.35904166144923
177,-31.47930519764932
178,-7.610975716645669
179,-13.736886903544082
180,-30.498475944637594
181,-30.09301083652943
182,-13.055857545121405
183,-30.012968128855892
184,-31.191623125197538
185,-31.47930519764932
186,-30.012968128855892
187,-7.085671417124724
188,-29.245712976142226
189,-29.533395048594006
190,-13.01293742944853
191,-30.632007337262117
192,-30.632007337262117
193,-29.93886015670217
194,-31.191623125197538
195,-12.61022050836183
196,-30.38069290898121
197,-31.191623125197538
198,-30.18002221351906
199,-29.869867285215218
200,-30.012968128855892
201,-31.47930519764932
202,-5.180770766688044
204,-29.805328764077647
205,-30.18002221351906
206,-30.275332393323385
207,-6.89282479111712
208,-5.2681597795616595
209,-30.012968128855892
210,-31.191623125197538
211,-13.702168644963775
212,-30.786158017089374
213,-29.399863655969483
214,-31.884770305757485
215,-29.63347850715099
216,-13.292792198748742
217,-29.31982094829595
218,-30.632007337262117
219,-29.869867285215218
220,-30.632007337262117
221,-31.47930519764932
222,-30.18002221351906
223,-6.893915027519313
224,-29.2820806203131
225,-28.966999573673206
226,-7.348385186760665
227,-30.498475944637594
228,-30.275332393323385
229,-5.692808999227572
230,-30.786158017089374
231,-29.93886015670217
232,-7.905764882430703
233,-29.805328764077647
234,-31.47930519764932
235,-31.191623125197538
236,-30.275332393323385
237,-7.396304705475683
238,-30.632007337262117
239,-30.632007337262117
240,-31.191623125197538
242,-32.57791748631743
243,-30.18002221351906
244,-7.389022856954261
245,-30.632007337262117
246,-29.533395048594006
247,-6.725815329637253
248,-17.453915472637693
249,-29.744704142261213
250,-30.786158017089374
251,-16.886874640052046
252,-29.35904166144923
253,-31.884770305757485
254,-30.09301083652943
256,-5.693316197912337
257,-13.998485615127787
258,-30.786158017089374
259,-30.632007337262117
260,-13.302548319587833
261,-29.31982094829595
262,-30.275332393323385
263,-30.96847957388333
264,-30.632007337262117
265,-7.911905759507986
266,-29.93886015670217
267,-29.245712976142226
268,-13.873651294633571
269,-30.96847957388333
270,-30.96847957388333
271,-30.38069290898121
272,-29.687545728421266
273,-13.469963117410748
274,-30.632007337262117
275,-30.786158017089374
276,-30.18002221351906
277,-29.805328764077647
278,-31.47930519764932
279,-30.786158017089374
280,-7.400318556532332
281,-30.275332393323385
282,-30.498475944637594
283,-30.96847957388333
284,-30.18002221351906
285,-13.693956608996382
286,-30.96847957388333
287,-32.57791748631743
288,-30.275332393323385
289,-29.93886015670217
290,-29.805328764077647
291,-30.38069290898121
292,-13.40756719686806
293,-30.498475944637594
294,-30.38069290898121
295,-31.47930519764932
296,-30.18002221351906
297,-30.09301083652943
298,-29.744704142261213
299,-30.96847957388333
300,-30.09301083652943
301,-7.390965020271754
302,-17.058001622131872
303,-29.143930281832283
304,-28.34381098172017
305,-16.332131330054114
306,-29.869867285215218
307,-29.08140992485095
308,-30.09301083652943
309,-29.44242327038828
310,-8.001015098956813
311,-8.265029436509812
312,-30.786158017089374
313,-30.632007337262117
314,-7.897175103430464
315,-29.744704142261213
317,-31.884770305757485
318,-30.632007337262117
319,-6.021937704582637
320,-30.96847957388333
321,-29.687545728421266
322,-11.958290941628537
323,-30.786158017089374
324,-30.38069290898121
325,-29.63347850715099
326,-30.632007337262117
327,-11.553363520539216
328,-30.38069290898121
329,-30.275332393323385
330,-30.632007337262117
331,-31.191623125197538
332,-30.96847957388333
333,-30.96847957388333
334,-6.899162756314182
335,-29.805328764077647
336,-28.889038032203494
337,-6.170082227463231
338,-29.687545728421266
339,-30.275332393323385
340,-8.265183185934438
341,-29.93886015670217
342,-30.786158017089374
343,-31.47930519764932
344,-29.533395048594006
345,-16.59278664566457
346,-30.09301083652943
347,-31.191623125197538
348,-17.198382367941598
349,-7.897416816141767
350,-31.191623125197538
351,-29.582185212763438
352,-18.93150628497799
353,-30.498475944637594
354,-29.93886015670217
355,-29.533395048594006
356,-30.96847957388333
357,-18.471358030025755
358,-30.96847957388333
359,-30.275332393323385
360,-30.38069290898121
361,-29.582185212763438
362,-31.191623125197538
363,-31.884770305757485
364,-9.408659748774713
365,-29.582185212763438
366,-29.869867285215218
367,-30.96847957388333
368,-30.38069290898121
369,-5.913356351281614
370,-29.582185212763438
371,-30.09301083652943
372,-30.498475944637594
373,-32.57791748631743
374,-6.900490052633613
375,-8.109870385747083
376,-15.686298295101349
377,-29.63347850715099
378,-30.09301083652943
379,-15.009966626180761
380,-30.09301083652943
381,-30.275332393323385
382,-29.533395048594006
383,-31.47930519764932
384,-6.138966715109412
385,-29.63347850715099
386,-29.93886015670217
387,-13.993006288860458
388,-29.582185212763438
389,-29.744704142261213
390,-29.582185212763438
391,-31.191623125197538
392,-13.590863920403542
393,-29.687545728421266
394,-30.786158017089374
395,-29.63347850715099
396,-31.191623125197538
397,-30.275332393323385
398,-29.93886015670217
399,-6.724422112897322
400,-12.261802618745051
401,-30.38069290898121
402,-31.47930519764932
403,-11.564020209582214
404,-30.275332393323385
405,-30.632007337262117
406,-30.498475944637594
407,-29.744704142261213
408,-7.940997736395878
409,-30.275332393323385
410,-29.63347850715099
411,-12.133977438346099
412,-30.498475944637594
413,-31.884770305757485
414,-30.498475944637594
415,-30.18002221351906
416,-11.732775413854217
417,-29.44242327038828
418,-30.786158017089374
419,-30.786158017089374
420,-31.47930519764932
421,-31.191623125197538
422,-30.96847957388333
423,-7.4192563974438315
424,-31.884770305757485
425,-29.93886015670217
426,-29.869867285215218
427,-30.786158017089374
428,-11.954010820287632
429,-30.632007337262117
430,-31.191623125197538
431,-30.786158017089374
432,-31.884770305757485
433,-30.498475944637594
434,-30.012968128855892
435,-11.669638847228706
436,-29.744704142261213
438,-30.275332393323385
439,-30.96847957388333
440,-29.805328764077647
441,-31.191623125197538
442,-31.191623125197538
443,-30.18002221351906
444,-7.400237990470723
445,-15.305214448128849
446,-29.582185212763438
447,-28.914355840187785
448,-14.594237116082319
449,-29.31982094829595
450,-30.18002221351906
451,-30.012968128855892
452,-29.805328764077647
453,-6.397136961329214
454,-30.275332393323385
455,-30.09301083652943
456,-9.99472875550752
457,-28.914355840187785
458,-30.09301083652943
459,-7.826945335651904
460,-29.582185212763438
461,-30.38069290898121
462,-7.686667775401711
463,-30.96847957388333
464,-30.96847957388333
465,-29.744704142261213
466,-30.09301083652943
467,-7.421144920837069
468,-29.93886015670217
469,-30.632007337262117
470,-30.498475944637594
471,-29.93886015670217
473,-30.786158017089374
474,-5.702798478210973
475,-29.399863655969483
476,-30.96847957388333
477,-8.265913134109447
478,-30.96847957388333
479,-30.09301083652943
480,-30.18002221351906
481,-32.57791748631743
482,-14.850477007257222
483,-30.498475944637594
484,-29.805328764077647
485,-15.49889714533883
486,-7.898299290602873
487,-31.191623125197538
488,-29.93886015670217
489,-16.98437914195347
490,-30.09301083652943
491,-30.38069290898121
492,-30.275332393323385
493,-29.744704142261213
494,-16.527595022392216
495,-30.38069290898121
496,-30.632007337262117
497,-31.191623125197538
498,-31.191623125197538
499,-29.44242327038828
500,-31.884770305757485
501,-6.930525759357512
502,-29.533395048594006
503,-29.2820806203131
504,-10.23666519882934
505,-8.931934260462484
506,-14.27795016867524
507,-30.275332393323385
508,-29.805328764077647
509,-13.582303361477
510,-29.399863655969483
511,-30.09301083652943
512,-30.96847957388333
513,-30.09301083652943
514,-7.690365353984735
515,-29.176720104655274
516,-29.143930281832283
517,-14.174589423032847
518,-29.533395048594006
519,-31.191623125197538
520,-30.18002221351906
521,-30.09301083652943
522,-13.770288484518764
523,-29.93886015670217
524,-30.275332393323385
525,-30.786158017089374
526,-30.012968128855892
527,-30.786158017089374
528,-30.275332393323385
529,-8.12539845406734
530,-29.05155696170127
531,-31.191623125197538
532,-29.744704142261213
533,-30.275332393323385
534,-8.109355163675835
535,-29.210621656330954
536,-29.805328764077647
537,-31.884770305757485
538,-30.786158017089374
539,-13.99381536569526
540,-31.884770305757485
541,-30.632007337262117
542,-30.275332393323385
543,-31.47930519764932
544,-30.09301083652943
545,-29.35904166144923
546,-13.707419302716124
547,-30.09301083652943
548,-29.533395048594006
549,-30.498475944637594
550,-30.38069290898121
551,-29.744704142261213
552,-30.09301083652943
553,-30.012968128855892
554,-30.18002221351906
555,-5.511567654727921
556,-29.2820806203131
557,-30.275332393323385
558,-12.25402552674976
559,-30.786158017089374
560,-29.2820806203131
561,-30.786158017089374
562,-29.869867285215218
563,-11.848995236082201
564,-29.399863655969483
565,-30.38069290898121
566,-30.786158017089374
568,-31.191623125197538
569,-30.275332393323385
570,-10.331940393881329
571,-12.519408953335326
572,-30.96847957388333
573,-30.18002221351906
574,-11.613113316212097
575,-31.884770305757485
576,-31.191623125197538
577,-31.191623125197538
578,-29.869867285215218
579,-5.069683838206843
580,-29.176720104655274
581,-30.786158017089374
582,-8.871257024010424
583,-29.176720104655274
584,-29.744704142261213
585,-31.47930519764932
586,-30.38069290898121
587,-8.165358845297948
588,-12.801479831481489
589,-31.191623125197538
590,-29.533395048594006
591,-12.338546323590478
593,-30.012968128855892
594,-29.486875032959112
595,-30.786158017089374
596,-7.4259889893291335
597,-29.486875032959112
598,-29.687545728421266
599,-12.379306394498093
601,-29.176720104655274
602,-29.63347850715099
603,-29.35904166144923
604,-11.857673343092634
605,-29.63347850715099
606,-32.57791748631743
607,-30.012968128855892
608,-30.632007337262117
609,-29.582185212763438
610,-30.012968128855892
611,-7.253427566978537
612,-5.9782930176177995
613,-30.09301083652943
614,-30.18002221351906
615,-7.66016646771057
616,-12.531618998217692
617,-29.744704142261213
618,-31.884770305757485
619,-11.836754218161822
620,-31.47930519764932
621,-30.786158017089374
622,-30.786158017089374
623,-31.47930519764932
624,-7.707735971729184
625,-29.31982094829595
626,-29.63347850715099
627,-12.43083400091436
628,-30.38069290898121
629,-30.498475944637594
630,-31.47930519764932
631,-30.012968128855892
632,-12.031281705923869
633,-30.38069290898121
634,-30.786158017089374
635,-30.786158017089374
636,-30.786158017089374
637,-31.191623125197538
638,-30.275332393323385
639,-7.438533843084619
640,-29.022569424828017
641,-30.275332393323385
642,-30.275332393323385
643,-30.09301083652943
644,-12.254031309932381
645,-30.275332393323385
646,-30.09301083652943
647,-31.191623125197538
648,-31.884770305757485
649,-30.38069290898121
650,-30.275332393323385
651,-11.969426253274673
652,-30.632007337262117
654,-30.498475944637594
655,-30.012968128855892
656,-30.498475944637594
657,-30.632007337262117
658,-29.869867285215218
659,-30.38069290898121
660,-6.658740558559057
661,-29.93886015670217
662,-30.275332393323385
663,-30.632007337262117
664,-29.93886015670217
665,-5.3103357578998835
666,-28.727769884607373
667,-30.786158017089374
668,-6.558309531593027
669,-30.09301083652943
670,-30.786158017089374
671,-5.974769715934732
672,-12.805693929410367
673,-29.582185212763438
674,-31.191623125197538
675,-12.241917971531572
676,-30.18002221351906
677,-30.96847957388333
678,-29.93886015670217
679,-31.191623125197538
680,-5.877033447678686
681,-30.786158017089374
682,-28.914355840187785
683,-12.36971460462597
684,-30.786158017089374
685,-30.012968128855892
686,-30.96847957388333
687,-29.486875032959112
688,-11.831334907735195
689,-30.18002221351906
690,-30.38069290898121
691,-30.96847957388333
692,-30.96847957388333
693,-30.632007337262117
694,-29.582185212763438
695,-4.456028612067445
696,-7.581290821998554
697,-29.744704142261213
698,-30.786158017089374
699,-5.117750184742752
700,-29.210621656330954
701,-30.275332393323385
702,-10.157297921824782
703,-7.173354387862435
704,-30.96847957388333
705,-29.805328764077647
706,-30.09301083652943
707,-29.93886015670217
708,-9.776666140943313
709,-29.687545728421266
710,-29.486875032959112
711,-5.456940917331476
712,-29.687545728421266
713,-30.18002221351906
714,-7.795189913151295
715,-8.522885497582243
716,-31.884770305757485
717,-29.63347850715099
718,-9.244586978333304
719,-29.744704142261213
720,-30.275332393323385
721,-30.96847957388333
722,-30.275332393323385
723,-5.161764314666094
724,-9.558423145348968
725,-29.805328764077647
726,-29.533395048594006
727,-7.9954244312657305
728,-30.786158017089374
729,-29.93886015670217
730,-31.884770305757485
731,-29.687545728421266
732,-8.636592868152094
733,-29.44242327038828
734,-31.47930519764932
735,-8.827702371482893
736,-29.869867285215218
737,-29.582185212763438
738,-30.38069290898121
739,-29.143930281832283
740,-10.536220350891094
741,-29.582185212763438
742,-29.869867285215218
743,-8.100468411062678
744,-29.805328764077647
745,-30.275332393323385
746,-29.63347850715099
747,-29.533395048594006
748,-32.57791748631743
749,-29.63347850715099
750,-9.639916431753594
751,-30.275332393323385
752,-30.09301083652943
753,-30.275332393323385
754,-29.533395048594006
755,-9.87682682137935
756,-30.38069290898121
757,-29.143930281832283
758,-10.52262060246859
759,-6.202829701613883
760,-29.210621656330954
761,-30.632007337262117
762,-6.785267200934005
763,-6.2744906466718176
764,-30.275332393323385
765,-28.27385239311326
766,-30.275332393323385
767,-29.63347850715099
768,-7.2134304288768885
769,-29.533395048594006
770,-28.966999573673206
771,-5.298233439134438
772,-12.188163265158405
773,-29.35904166144923
774,-30.09301083652943
775,-5.916850716923002
776,-9.039072714555532
777,-31.191623125197538
778,-29.31982094829595
779,-8.090890330221434
780,-29.744704142261213
781,-30.96847957388333
782,-30.632007337262117
783,-31.47930519764932
784,-6.89222861491419
785,-30.012968128855892
786,-30.09301083652943
787,-6.38873642171226
788,-29.08140992485095
789,-28.966999573673206
790,-9.708394298067946
791,-31.47930519764932
792,-29.35904166144923
793,-29.533395048594006
794,-30.786158017089374
795,-8.48805855362373
796,-29.869867285215218
797,-29.744704142261213
798,-29.582185212763438
799,-29.805328764077647
800,-30.09301083652943
801,-29.93886015670217
802,-7.4064187381503395
803,-30.38069290898121
804,-29.805328764077647
805,-31.191623125197538
806,-30.18002221351906
807,-8.776140487701685
808,-29.2820806203131
809,-29.687545728421266
810,-9.586433831036492
0,-14.152806191765562
1,-29.93886015670217
2,-29.744704142261213
3,-13.459623808142979
4,-29.869867285215218
5,-30.38069290898121
6,-29.869867285215218
7,-30.18002221351906
8,-5.133980123973855
9,-29.805328764077647
10,-30.96847957388333
11,-5.7306499342682535
12,-14.635788918542294
13,-29.63347850715099
14,-29.31982094829595
15,-13.943223037553384
16,-29.35904166144923
17,-29.44242327038828
18,-29.869867285215218
19,-29.2820806203131
20,-5.980264535187151
21,-28.840247868034062
22,-28.816717370623866
23,-14.078551623490634
24,-29.486875032959112
25,-29.869867285215218
26,-28.70671647540954
27,-29.687545728421266
28,-13.673309387161174
29,-29.2820806203131
30,-29.176720104655274
31,-29.687545728421266
32,-29.582185212763438
33,-29.869867285215218
34,-29.582185212763438
35,-5.192219911621127
36,-29.687545728421266
37,-29.176720104655274
38,-12.795053919629366
39,-14.403469458729017
40,-30.012968128855892
41,-29.245712976142226
42,-13.982010439122424
43,-28.840247868034062
44,-29.687545728421266
45,-30.275332393323385
46,-30.012968128855892
47,-12.13128678058546
48,-30.96847957388333
49,-29.486875032959112
50,-13.861281509576115
51,-30.96847957388333
52,-29.869867285215218
53,-29.805328764077647
54,-29.869867285215218
55,-13.488222656454852
56,-29.93886015670217
57,-29.582185212763438
58,-30.96847957388333
59,-30.498475944637594
60,-29.31982094829595
61,-28.864345419613123
62,-5.135864624508842
63,-12.524968318756306
64,-28.940331326591043
65,-29.533395048594006
66,-11.836412181407344
67,-30.498475944637594
68,-30.09301083652943
69,-29.744704142261213
70,-29.245712976142226
71,-5.733761814482497
72,-29.399863655969483
73,-28.6860971882068
74,-12.612841864447343
75,-15.120224269784474
76,-29.869867285215218
77,-28.727769884607373
78,-15.036040474637593
79,-28.889038032203494
80,-29.245712976142226
81,-29.687545728421266
82,-30.09301083652943
83,-11.945641829127005
84,-29.63347850715099
85,-30.96847957388333
86,-14.728679590058187
87,-30.498475944637594
88,-30.632007337262117
89,-29.687545728421266
90,-30.275332393323385
91,-14.374927798087084
92,-31.47930519764932
93,-29.869867285215218
94,-29.63347850715099
95,-29.93886015670217
96,-29.582185212763438
97,-28.727769884607373
98,-5.984118458404716
99,-29.176720104655274
100,-29.022569424828017
101,-29.112181583517703
102,-29.210621656330954
103,-12.78619422149814
104,-28.665894480889282
105,-29.08140992485095
106,-14.293410629017924
107,-30.09301083652943
108,-29.582185212763438
109,-28.77125499654711
110,-29.022569424828017
111,-14.006662972058148
112,-29.08140992485095
113,-29.2820806203131
114,-28.588933439753156
115,-30.09301083652943
116,-29.687545728421266
117,-30.275332393323385
118,-12.216100632349779
119,-15.045464936474335
120,-29.112181583517703
121,-30.012968128855892
122,-14.360069817419035
123,-30.498475944637594
124,-28.727769884607373
125,-29.805328764077647
126,-30.275332393323385
127,-13.967924965850653
128,-30.18002221351906
129,-29.805328764077647
130,-29.176720104655274
131,-29.44242327038828
132,-28.966999573673206
133,-30.786158017089374
134,-13.699386669291899
135,-30.18002221351906
136,-29.582185212763438
137,-30.09301083652943
138,-29.35904166144923
139,-29.582185212763438
140,-29.022569424828017
141,-30.38069290898121
142,-28.77125499654711
143,-4.064680702352013
144,-29.582185212763438
145,-30.96847957388333
146,-29.93886015670217
147,-31.191623125197538
148,-14.829698704834538
149,-29.687545728421266
150,-29.687545728421266
151,-15.520787354549963
152,-7.217693414487279
153,-29.399863655969483
154,-30.18002221351906
155,-14.453045292036004
156,-31.191623125197538
157,-29.805328764077647
158,-30.09301083652943
159,-30.38069290898121
160,-14.04933149628192
161,-29.93886015670217
162,-30.96847957388333
163,-30.012968128855892
164,-30.786158017089374
165,-30.09301083652943
166,-31.47930519764932
167,-7.69925832517499
168,-29.805328764077647
169,-30.38069290898121
170,-6.419531677949013
171,-15.318979392093688
172,-30.632007337262117
173,-29.869867285215218
174,-14.627512536644343
175,-30.498475944637594
176,-30.632007337262117
177,-29.687545728421266
178,-31.884770305757485
179,-5.929448144256214
180,-29.35904166144923
181,-29.210621656330954
182,-14.48051927088265
183,-29.63347850715099
184,-30.012968128855892
185,-29.245712976142226
186,-30.18002221351906
187,-14.07541032490963
188,-29.744704142261213
189,-29.63347850715099
190,-29.687545728421266
191,-29.687545728421266
192,-29.869867285215218
194,-5.692250654897395
195,-30.012968128855892
196,-29.869867285215218
197,-11.041339037314673
198,-14.589414615573329
199,-29.2820806203131
200,-31.191623125197538
201,-13.973692008956728
202,-30.09301083652943
203,-31.191623125197538
204,-29.869867285215218
205,-29.63347850715099
206,-10.337495697409096
207,-30.38069290898121
208,-29.399863655969483
209,-13.941190058346196
210,-29.533395048594006
211,-30.38069290898121
212,-30.012968128855892
213,-31.191623125197538
214,-13.544230460132534
215,-30.09301083652943
216,-29.93886015670217
217,-29.805328764077647
218,-29.805328764077647
219,-29.869867285215218
220,-30.96847957388333
221,-5.136918569638364
222,-15.599554514625403
223,-29.399863655969483
224,-29.63347850715099
225,-14.906470878040745
226,-29.869867285215218
227,-29.582185212763438
228,-29.31982094829595
229,-30.09301083652943
230,-6.011680336622405
231,-29.08140992485095
232,-30.275332393323385
233,-12.532446472766647
234,-15.940634369443131
235,-29.805328764077647
236,-30.09301083652943
237,-17.653702074723206
238,-29.63347850715099
239,-30.786158017089374
240,-29.93886015670217
241,-29.35904166144923
242,-11.857456326804314
243,-29.687545728421266
244,-29.245712976142226
245,-16.16060941855691
246,-30.786158017089374
247,-30.38069290898121
248,-30.275332393323385
249,-30.012968128855892
250,-16.004095518614044
251,-30.786158017089374
252,-29.533395048594006
253,-30.38069290898121
254,-30.38069290898121
255,-31.191623125197538
256,-28.966999573673206
257,-7.231166439333719
258,-29.687545728421266
259,-30.275332393323385
260,-29.2820806203131
261,-30.96847957388333
262,-12.748940742176085
263,-30.18002221351906
264,-29.93886015670217
265,-14.524320932156632
266,-30.498475944637594
267,-29.93886015670217
268,-29.869867285215218
269,-29.486875032959112
270,-14.131095209235504
271,-29.112181583517703
272,-29.533395048594006
273,-30.18002221351906
274,-29.63347850715099
275,-31.47930519764932
276,-30.38069290898121
277,-12.143401894783127
278,-15.238454565738804
279,-29.486875032959112
280,-29.63347850715099
281,-14.550654096987165
282,-29.93886015670217
283,-30.38069290898121
284,-29.582185212763438
285,-30.498475944637594
286,-14.154419165465486
287,-28.112009367662846
288,-30.498475944637594
289,-29.44242327038828
290,-30.498475944637594
291,-29.63347850715099
292,-30.786158017089374
293,-13.880355014225554
294,-29.744704142261213
295,-30.275332393323385
296,-30.96847957388333
297,-31.47930519764932
298,-30.09301083652943
299,-29.93886015670217
300,-29.112181583517703
301,-29.687545728421266
302,-10.023583329047021
303,-29.63347850715099
304,-28.99439854786132
305,-14.31410269186949
306,-30.498475944637594
307,-29.143930281832283
308,-29.744704142261213
309,-29.582185212763438
310,-13.895753234880926
311,-29.63347850715099
312,-29.533395048594006
313,-30.012968128855892
314,-30.38069290898121
315,-29.245712976142226
316,-29.176720104655274
317,-12.053380619424912
318,-15.078326496146195
319,-29.93886015670217
320,-29.533395048594006
321,-14.27214915470594
322,-30.09301083652943
323,-29.35904166144923
324,-29.744704142261213
325,-29.869867285215218
326,-12.59773207697076
327,-29.744704142261213
328,-29.44242327038828
329,-7.860049587191493
330,-12.526330365422172
331,-28.816717370623866
332,-29.687545728421266
333,-11.836949998168505
334,-31.47930519764932
335,-30.09301083652943
336,-29.582185212763438
337,-28.864345419613123
338,-6.4259427695675955
339,-30.18002221351906
340,-29.93886015670217
341,-12.637934778587168
342,-15.453269245038726
343,-30.012968128855892
344,-29.744704142261213
345,-14.768641644955014
346,-28.79372785239917
347,-31.47930519764932
348,-30.786158017089374
349,-30.38069290898121
350,-11.946025146588356
351,-31.47930519764932
352,-29.486875032959112
353,-14.81275216379851
354,-30.09301083652943
355,-30.786158017089374
356,-29.533395048594006
357,-30.012968128855892
358,-14.395530099656073
359,-29.869867285215218
360,-32.57791748631743
361,-29.744704142261213
362,-31.884770305757485
363,-29.869867285215218
364,-29.44242327038828
365,-7.696093833655132
366,-14.53331611175
367,-29.112181583517703
368,-29.744704142261213
369,-13.838735092394655
370,-29.63347850715099
371,-29.44242327038828
372,-28.966999573673206
373,-29.44242327038828
374,-10.566302093660566
375,-28.665894480889282
376,-29.35904166144923
377,-14.186481440242549
378,-29.05155696170127
379,-28.840247868034062
380,-30.275332393323385
381,-30.09301083652943
382,-13.78436212161519
383,-29.08140992485095
384,-29.687545728421266
385,-29.805328764077647
386,-29.805328764077647
387,-29.486875032959112
388,-29.869867285215218
389,-10.176393373235246
390,-29.744704142261213
391,-29.245712976142226
392,-29.112181583517703
393,-29.08140992485095
394,-13.88388274072738
395,-30.498475944637594
396,-29.210621656330954
397,-29.533395048594006
398,-29.44242327038828
399,-29.744704142261213
400,-29.399863655969483
401,-13.597666069733036
402,-30.786158017089374
403,-29.687545728421266
404,-29.44242327038828
405,-30.498475944637594
406,-30.18002221351906
407,-29.533395048594006
408,-29.245712976142226
409,-29.022569424828017
410,-6.153552306004337
411,-29.31982094829595
412,-29.44242327038828
413,-29.2820806203131
414,-29.399863655969483
415,-12.737363988779805
416,-29.143930281832283
417,-30.09301083652943
418,-14.574529325108898
419,-30.38069290898121
420,-30.38069290898121
421,-29.245712976142226
422,-29.08140992485095
423,-14.180979289160902
424,-29.486875032959112
425,-29.022569424828017
426,-29.687545728421266
427,-29.44242327038828
428,-30.786158017089374
429,-29.687545728421266
430,-12.12721841318748
431,-15.292003622345865
432,-29.022569424828017
433,-30.18002221351906
434,-14.601552305380554
435,-29.805328764077647
436,-29.245712976142226
437,-30.18002221351906
438,-30.96847957388333
439,-14.200499034908667
440,-29.399863655969483
441,-29.687545728421266
442,-29.93886015670217
443,-29.869867285215218
444,-29.93886015670217
445,-29.869867285215218
446,-13.91880617911097
447,-29.687545728421266
448,-31.191623125197538
449,-29.63347850715099
450,-30.09301083652943
451,-29.869867285215218
452,-29.245712976142226
453,-30.012968128855892
454,-29.022569424828017
455,-5.7975480868149605
456,-13.129856648454911
457,-29.805328764077647
458,-29.869867285215218
459,-12.677371866052942
460,-29.582185212763438
461,-29.486875032959112
462,-29.805328764077647
463,-30.38069290898121
464,-8.638159329034268
465,-29.245712976142226
466,-29.399863655969483
467,-12.416366200169252
468,-11.422366517120466
469,-29.869867285215218
470,-29.35904166144923
471,-29.35904166144923
472,-29.687545728421266
473,-13.881005614949935
474,-29.533395048594006
475,-29.63347850715099
476,-5.16727793081653
477,-30.632007337262117
478,-29.08140992485095
479,-8.587247809015158
480,-13.276920871366798
481,-29.63347850715099
482,-28.79372785239917
483,-5.790348692303354
484,-15.11238834614313
485,-29.143930281832283
486,-29.582185212763438
487,-14.439171270307298
488,-29.744704142261213
489,-29.744704142261213
490,-29.112181583517703
491,-29.176720104655274
492,-8.597480282111132
493,-28.864345419613123
494,-28.99439854786132
495,-12.803883844815042
496,-29.486875032959112
497,-29.869867285215218
498,-28.99439854786132
499,-28.889038032203494
500,-13.123845483245969
501,-13.915973225695401
502,-29.022569424828017
503,-29.31982094829595
504,-6.059953278746126
505,-28.588933439753156
506,-28.79372785239917
507,-12.850030784412137
508,-28.966999573673206
509,-30.09301083652943
510,-28.749276089828335
511,-29.533395048594006
512,-12.935659292182397
513,-29.687545728421266
514,-29.63347850715099
515,-29.112181583517703
516,-29.93886015670217
517,-29.687545728421266
518,-29.143930281832283
519,-8.648649263301477
520,-29.08140992485095
521,-29.869867285215218
522,-29.31982094829595
523,-29.112181583517703
524,-11.999754874131643
525,-29.05155696170127
526,-28.914355840187785
527,-11.162403957729964
528,-30.012968128855892
529,-29.582185212763438
530,-29.687545728421266
531,-29.744704142261213
532,-29.176720104655274
533,-28.70671647540954
534,-13.095472753117145
535,-29.112181583517703
536,-28.864345419613123
537,-29.2820806203131
538,-29.35904166144923
539,-4.0571003367221
540,-30.09301083652943
541,-29.44242327038828
542,-10.88494306959226
543,-17.709027388964802
544,-29.93886015670217
545,-30.09301083652943
546,-18.07591182387359
547,-29.869867285215218
548,-30.96847957388333
549,-29.805328764077647
550,-29.744704142261213
551,-10.158605570975931
552,-30.38069290898121
553,-29.869867285215218
554,-18.83162196737463
555,-29.805328764077647
556,-30.275332393323385
557,-30.786158017089374
558,-30.632007337262117
559,-19.003574439730375
560,-29.31982094829595
561,-29.582185212763438
562,-29.805328764077647
563,-30.38069290898121
564,-29.805328764077647
565,-30.632007337262117
566,-7.306580426794794
567,-15.025083227035019
568,-30.012968128855892
569,-29.805328764077647
570,-14.333081824867692
571,-29.486875032959112
572,-30.498475944637594
573,-30.498475944637594
574,-29.533395048594006
575,-10.439130893920876
576,-29.805328764077647
577,-30.632007337262117
578,-14.557576169250188
579,-30.18002221351906
580,-30.09301083652943
581,-30.96847957388333
582,-29.93886015670217
583,-14.153840585838664
584,-30.275332393323385
585,-30.96847957388333
586,-30.498475944637594
587,-30.498475944637594
588,-30.09301083652943
589,-29.533395048594006
590,-10.061564533356117
591,-30.18002221351906
592,-30.275332393323385
593,-30.96847957388333
594,-29.486875032959112
595,-14.181417422765083
596,-29.805328764077647
597,-30.38069290898121
598,-31.47930519764932
599,-31.191623125197538
600,-29.63347850715099
601,-30.786158017089374
602,-13.895301862377588
603,-31.191623125197538
604,-29.744704142261213
605,-31.47930519764932
606,-30.498475944637594
607,-30.012968128855892
608,-29.63347850715099
609,-30.632007337262117
610,-30.275332393323385
611,-7.767908350457259
612,-15.672885221653189
613,-29.582185212763438
614,-29.44242327038828
615,-14.979717373536626
616,-29.533395048594006
617,-29.245712976142226
618,-29.63347850715099
619,-30.012968128855892
620,-6.4324290814149
621,-30.012968128855892
622,-29.744704142261213
623,-11.510555393158137
624,-15.434247696437046
625,-29.687545728421266
626,-30.18002221351906
627,-14.743730395567221
628,-30.275332393323385
629,-30.498475944637594
630,-29.687545728421266
631,-30.96847957388333
632,-10.80495811058913
633,-32.57791748631743
634,-29.486875032959112
635,-14.76857701237293
636,-29.63347850715099
637,-31.191623125197538
638,-29.805328764077647
639,-30.38069290898121
640,-14.363935921564007
641,-30.275332393323385
642,-30.012968128855892
643,-30.498475944637594
644,-29.805328764077647
645,-30.012968128855892
646,-30.498475944637594
647,-5.94970802070349
648,-15.014736839030943
649,-29.486875032959112
650,-30.498475944637594
651,-14.321497576333218
652,-29.63347850715099
653,-30.012968128855892
654,-29.44242327038828
655,-29.399863655969483
656,-10.501266357342006
657,-29.05155696170127
658,-30.96847957388333
659,-14.546599339584368
660,-29.112181583517703
661,-30.09301083652943
662,-29.93886015670217
663,-30.498475944637594
664,-14.1421056469574
665,-30.275332393323385
666,-28.99439854786132
667,-30.632007337262117
668,-31.191623125197538
669,-30.18002221351906
670,-29.44242327038828
671,-10.09623259911064
672,-30.09301083652943
673,-29.93886015670217
674,-29.486875032959112
675,-29.399863655969483
676,-14.202722616717951
677,-29.93886015670217
678,-30.012968128855892
679,-29.805328764077647
680,-29.533395048594006
681,-29.805328764077647
682,-31.191623125197538
683,-13.91554473813797
684,-31.47930519764932
685,-29.744704142261213
686,-30.498475944637594
687,-30.18002221351906
688,-29.44242327038828
689,-29.93886015670217
690,-29.687545728421266
691,-30.09301083652943
692,-4.477424194351888
693,-13.549820989188932
694,-29.35904166144923
695,-29.399863655969483
696,-13.349409629129894
697,-30.012968128855892
698,-29.582185212763438
699,-30.012968128855892
700,-29.44242327038828
701,-8.643030777788383
702,-29.210621656330954
703,-29.112181583517703
704,-11.928493390505825
705,-11.487873311442392
706,-29.533395048594006
707,-29.31982094829595
708,-29.022569424828017
709,-29.486875032959112
710,-12.766167909695609
711,-29.869867285215218
712,-29.93886015670217
713,-7.5347381397937125
714,-29.486875032959112
715,-30.012968128855892
716,-12.833538438188452
717,-30.275332393323385
718,-30.09301083652943
719,-29.93886015670217
720,-30.09301083652943
721,-13.061888177186383
722,-31.884770305757485
723,-30.498475944637594
724,-31.884770305757485
725,-29.93886015670217
726,-30.012968128855892
727,-29.805328764077647
728,-8.653803711600048
729,-29.210621656330954
730,-29.869867285215218
731,-30.012968128855892
732,-29.744704142261213
733,-11.812423546604473
734,-29.93886015670217
735,-30.18002221351906
736,-11.102720940296699
737,-29.805328764077647
738,-30.09301083652943
739,-29.533395048594006
740,-29.486875032959112
741,-29.93886015670217
742,-29.399863655969483
743,-12.794326936091217
744,-30.18002221351906
745,-29.744704142261213
746,-29.805328764077647
747,-31.884770305757485
748,-8.27674239754893
749,-29.744704142261213
750,-29.44242327038828
751,-8.587224219110077
752,-13.300241095033853
753,-29.93886015670217
754,-28.864345419613123
755,-6.543205884814936
756,-14.05738155224029
757,-29.533395048594006
758,-31.884770305757485
759,-13.597997179479124
760,-30.786158017089374
761,-30.012968128855892
762,-29.93886015670217
763,-29.582185212763438
764,-8.618104893579329
765,-29.582185212763438
766,-29.31982094829595
767,-12.724316719827357
768,-11.901438410293558
769,-30.012968128855892
770,-30.012968128855892
771,-29.210621656330954
772,-29.112181583517703
773,-14.11585895352709
774,-30.09301083652943
775,-29.93886015670217
776,-6.005902522553256
777,-28.966999573673206
778,-29.44242327038828
779,-12.856076805358894
780,-29.44242327038828
781,-30.786158017089374
782,-29.112181583517703
783,-29.869867285215218
784,-12.958475743935544
785,-31.884770305757485
786,-30.09301083652943
787,-29.63347850715099
788,-29.63347850715099
789,-29.63347850715099
790,-29.399863655969483
791,-8.652800302765584
792,-29.31982094829595
793,-30.786158017089374
794,-29.63347850715099
795,-29.05155696170127
796,-11.854422781563253
797,-29.44242327038828
798,-29.869867285215218
799,-11.13182931945462
800,-29.869867285215218
801,-31.191623125197538
802,-29.805328764077647
803,-29.176720104655274
804,-29.08140992485095
805,-29.112181583517703
806,-12.849631874093697
807,-29.869867285215218
808,-29.582185212763438
809,-29.176720104655274
810,-31.47930519764932
